3.175494670867919922e-01
2.971315383911132812e-02
2.783989906311035156e-02
2.495169639587402344e-02
1.979732513427734375e-02
1.839661598205566406e-02
4.665970802307128906e-02
4.303860664367675781e-02
5.236840248107910156e-02
4.320478439331054688e-02
3.264260292053222656e-02
3.151273727416992188e-02
2.824735641479492188e-02
5.040049552917480469e-02
3.505802154541015625e-02
3.949379920959472656e-02
4.741907119750976562e-02
3.978967666625976562e-02
1.610088348388671875e-02
2.925562858581542969e-02
3.837347030639648438e-02
2.274751663208007812e-02
1.845121383666992188e-02
1.866436004638671875e-02
1.649403572082519531e-02
1.759958267211914062e-02
2.236175537109375000e-02
2.393174171447753906e-02
3.213739395141601562e-02
1.260828971862792969e-02
3.297877311706542969e-02
3.997731208801269531e-02
3.984022140502929688e-02
3.059291839599609375e-02
2.988839149475097656e-02
2.017617225646972656e-02
3.682065010070800781e-02
3.691720962524414062e-02
1.770377159118652344e-02
2.136278152465820312e-02
1.976799964904785156e-02
4.004573822021484375e-02
3.690838813781738281e-02
2.847528457641601562e-02
1.670551300048828125e-02
3.127169609069824219e-02
2.047204971313476562e-02
3.738141059875488281e-02
3.590869903564453125e-02
3.998064994812011719e-02
3.912591934204101562e-02
3.637719154357910156e-02
3.741979598999023438e-02
1.485991477966308594e-02
1.849317550659179688e-02
2.553486824035644531e-02
4.865980148315429688e-02
3.707170486450195312e-02
3.151679039001464844e-02
3.850889205932617188e-02
3.541970252990722656e-02
3.574323654174804688e-02
3.517937660217285156e-02
4.008698463439941406e-02
3.189373016357421875e-02
2.546715736389160156e-02
3.163719177246093750e-02
8.618116378784179688e-03
2.761554718017578125e-02
1.537513732910156250e-02
1.956653594970703125e-02
2.072763442993164062e-02
4.078698158264160156e-02
3.763723373413085938e-02
3.542852401733398438e-02
3.380846977233886719e-02
3.444147109985351562e-02
4.019451141357421875e-02
1.694536209106445312e-02
3.487610816955566406e-02
3.722548484802246094e-02
1.583218574523925781e-02
3.124094009399414062e-02
4.338097572326660156e-02
2.864813804626464844e-02
4.236340522766113281e-02
2.977728843688964844e-02
3.612303733825683594e-02
3.623771667480468750e-02
3.480553627014160156e-02
4.450893402099609375e-02
4.293870925903320312e-02
2.488684654235839844e-02
2.955245971679687500e-02
2.976894378662109375e-02
3.223776817321777344e-02
3.324079513549804688e-02
2.996659278869628906e-02
9.820938110351562500e-03
4.158020019531250000e-02
2.128267288208007812e-02
4.160428047180175781e-02
1.901054382324218750e-02
1.408123970031738281e-02
3.179836273193359375e-02
3.905820846557617188e-02
3.541374206542968750e-02
2.924537658691406250e-02
2.203345298767089844e-02
2.029395103454589844e-02
2.048492431640625000e-02
2.988052368164062500e-02
2.320075035095214844e-02
1.374864578247070312e-02
2.878355979919433594e-02
1.927614212036132812e-02
1.949691772460937500e-02
2.583694458007812500e-02
3.417825698852539062e-02
3.466010093688964844e-02
2.706646919250488281e-02
1.317501068115234375e-02
3.388905525207519531e-02
3.548932075500488281e-02
2.856326103210449219e-02
3.180646896362304688e-02
1.757454872131347656e-02
1.954627037048339844e-02
2.877044677734375000e-02
1.905393600463867188e-02
2.362990379333496094e-02
1.564049720764160156e-02
2.417373657226562500e-02
3.237581253051757812e-02
2.600812911987304688e-02
3.197240829467773438e-02
1.610612869262695312e-02
1.782011985778808594e-02
1.711320877075195312e-02
3.006124496459960938e-02
1.757311820983886719e-02
2.025675773620605469e-02
3.158211708068847656e-02
2.861213684082031250e-02
2.319765090942382812e-02
3.779602050781250000e-02
3.627800941467285156e-02
3.388619422912597656e-02
4.038381576538085938e-02
2.825427055358886719e-02
1.901817321777343750e-02
2.104258537292480469e-02
4.676604270935058594e-02
2.672767639160156250e-02
1.005363464355468750e-02
2.142095565795898438e-02
3.004407882690429688e-02
2.964758872985839844e-02
3.190445899963378906e-02
3.195786476135253906e-02
4.177713394165039062e-02
4.988980293273925781e-02
3.819537162780761719e-02
9.628772735595703125e-03
3.682732582092285156e-02
4.011321067810058594e-02
4.250359535217285156e-02
3.948879241943359375e-02
3.025960922241210938e-02
3.364539146423339844e-02
3.414416313171386719e-02
2.855396270751953125e-02
1.059770584106445312e-02
2.012777328491210938e-02
2.214241027832031250e-02
2.473020553588867188e-02
1.971483230590820312e-02
4.442596435546875000e-02
3.861141204833984375e-02
4.930877685546875000e-02
2.010202407836914062e-02
2.497315406799316406e-02
2.590894699096679688e-02
3.289127349853515625e-02
3.836059570312500000e-02
3.039526939392089844e-02
3.387236595153808594e-02
3.577089309692382812e-02
3.175568580627441406e-02
3.451609611511230469e-02
3.374528884887695312e-02
2.690386772155761719e-02
3.136205673217773438e-02
3.201746940612792969e-02
4.200243949890136719e-02
3.820967674255371094e-02
3.538489341735839844e-02
3.727459907531738281e-02
3.197646141052246094e-02
3.074383735656738281e-02
3.161215782165527344e-02
3.837656974792480469e-02
2.979969978332519531e-02
2.974987030029296875e-02
3.368520736694335938e-02
1.007223129272460938e-02
2.731132507324218750e-02
4.148387908935546875e-02
3.516912460327148438e-02
4.252386093139648438e-02
1.603198051452636719e-02
1.300907135009765625e-02
4.378724098205566406e-02
3.203463554382324219e-02
2.978348731994628906e-02
2.825236320495605469e-02
2.870106697082519531e-02
3.802227973937988281e-02
2.930808067321777344e-02
1.773118972778320312e-02
3.264522552490234375e-02
2.901721000671386719e-02
4.420661926269531250e-02
3.439640998840332031e-02
3.511834144592285156e-02
1.899003982543945312e-02
2.383375167846679688e-02
2.902865409851074219e-02
3.504371643066406250e-02
4.296016693115234375e-02
3.398394584655761719e-02
2.964210510253906250e-02
3.646683692932128906e-02
3.612089157104492188e-02
3.037810325622558594e-02
2.831673622131347656e-02
1.752638816833496094e-02
2.728891372680664062e-02
1.757454872131347656e-02
1.693987846374511719e-02
1.939249038696289062e-02
3.575301170349121094e-02
2.997446060180664062e-02
3.378701210021972656e-02
2.780604362487792969e-02
1.971459388732910156e-02
1.844048500061035156e-02
1.972937583923339844e-02
2.941226959228515625e-02
4.183292388916015625e-02
2.714085578918457031e-02
1.833128929138183594e-02
1.937747001647949219e-02
1.238131523132324219e-02
3.802394866943359375e-02
3.740644454956054688e-02
2.968168258666992188e-02
2.597689628601074219e-02
3.960227966308593750e-02
4.307365417480468750e-02
3.177833557128906250e-02
3.548336029052734375e-02
2.795886993408203125e-02
1.982378959655761719e-02
2.850818634033203125e-02
2.810144424438476562e-02
1.338601112365722656e-02
2.138233184814453125e-02
3.042745590209960938e-02
2.887487411499023438e-02
3.651666641235351562e-02
4.034376144409179688e-02
3.258824348449707031e-02
3.475761413574218750e-02
3.481006622314453125e-02
5.224275588989257812e-02
3.802442550659179688e-02
3.074932098388671875e-02
4.005265235900878906e-02
3.608942031860351562e-02
3.393721580505371094e-02
2.813315391540527344e-02
3.508877754211425781e-02
2.285265922546386719e-02
4.195976257324218750e-02
3.802824020385742188e-02
2.576231956481933594e-02
3.096699714660644531e-02
3.247499465942382812e-02
3.251624107360839844e-02
3.994393348693847656e-02
3.289723396301269531e-02
3.894782066345214844e-02
2.461218833923339844e-02
3.263092041015625000e-02
3.317165374755859375e-02
4.072403907775878906e-02
3.163886070251464844e-02
4.725909233093261719e-02
3.653430938720703125e-02
3.012728691101074219e-02
1.560139656066894531e-02
1.412606239318847656e-02
2.985310554504394531e-02
2.786064147949218750e-02
2.994823455810546875e-02
3.990721702575683594e-02
2.964138984680175781e-02
3.570318222045898438e-02
1.905345916748046875e-02
1.876401901245117188e-02
3.156208992004394531e-02
2.157902717590332031e-02
2.370572090148925781e-02
3.049564361572265625e-02
3.101062774658203125e-02
3.568482398986816406e-02
3.996109962463378906e-02
2.125239372253417969e-02
3.265166282653808594e-02
3.343129158020019531e-02
2.994108200073242188e-02
4.058718681335449219e-02
2.515387535095214844e-02
2.976846694946289062e-02
2.639007568359375000e-02
1.242399215698242188e-02
1.648640632629394531e-02
1.480913162231445312e-02
2.094602584838867188e-02
2.104783058166503906e-02
3.373432159423828125e-02
3.503847122192382812e-02
2.819848060607910156e-02
1.201939582824707031e-02
1.754713058471679688e-02
2.126383781433105469e-02
3.150939941406250000e-02
3.847885131835937500e-02
3.055953979492187500e-02
9.404897689819335938e-03
3.208088874816894531e-02
2.012276649475097656e-02
4.102110862731933594e-02
2.771711349487304688e-02
3.879690170288085938e-02
3.280639648437500000e-02
4.398179054260253906e-02
3.999996185302734375e-02
2.974677085876464844e-02
3.249454498291015625e-02
5.242252349853515625e-02
2.733159065246582031e-02
1.998209953308105469e-02
3.578400611877441406e-02
3.104233741760253906e-02
3.259968757629394531e-02
3.414034843444824219e-02
2.913904190063476562e-02
3.207850456237792969e-02
3.339385986328125000e-02
4.238605499267578125e-02
1.424431800842285156e-02
2.966976165771484375e-02
1.320505142211914062e-02
2.002358436584472656e-02
3.091144561767578125e-02
4.165792465209960938e-02
2.404832839965820312e-02
1.992464065551757812e-02
2.155494689941406250e-02
2.519345283508300781e-02
1.483583450317382812e-02
3.148794174194335938e-02
3.534388542175292969e-02
1.733279228210449219e-02
2.036452293395996094e-02
1.979827880859375000e-02
3.016781806945800781e-02
3.021907806396484375e-02
3.138780593872070312e-02
3.322625160217285156e-02
3.853106498718261719e-02
3.007888793945312500e-02
4.008173942565917969e-02
3.029203414916992188e-02
4.400253295898437500e-02
3.636002540588378906e-02
4.216194152832031250e-02
4.069876670837402344e-02
1.745080947875976562e-02
2.816390991210937500e-02
1.822924613952636719e-02
4.338026046752929688e-02
2.439999580383300781e-02
2.405953407287597656e-02
2.403783798217773438e-02
4.226970672607421875e-02
3.939557075500488281e-02
3.044962882995605469e-02
2.740526199340820312e-02
2.962255477905273438e-02
3.036999702453613281e-02
4.420471191406250000e-02
3.943800926208496094e-02
2.332115173339843750e-02
2.027678489685058594e-02
3.082156181335449219e-02
4.192900657653808594e-02
4.394555091857910156e-02
3.524351119995117188e-02
3.958296775817871094e-02
3.798794746398925781e-02
2.913045883178710938e-02
3.391361236572265625e-02
2.797746658325195312e-02
2.486157417297363281e-02
3.699946403503417969e-02
4.013657569885253906e-02
2.047681808471679688e-02
2.817320823669433594e-02
3.180599212646484375e-02
2.850627899169921875e-02
4.133629798889160156e-02
3.405737876892089844e-02
2.777457237243652344e-02
4.256772994995117188e-02
3.093194961547851562e-02
3.173303604125976562e-02
3.206896781921386719e-02
2.043986320495605469e-02
2.931070327758789062e-02
3.209781646728515625e-02
2.671837806701660156e-02
1.118183135986328125e-02
1.880764961242675781e-02
1.830029487609863281e-02
2.118825912475585938e-02
2.162122726440429688e-02
7.745027542114257812e-03
2.283191680908203125e-02
2.779579162597656250e-02
3.185963630676269531e-02
2.973556518554687500e-02
3.827643394470214844e-02
1.948285102844238281e-02
2.973508834838867188e-02
3.974747657775878906e-02
2.812695503234863281e-02
3.209471702575683594e-02
2.511143684387207031e-02
3.840780258178710938e-02
3.074550628662109375e-02
3.416776657104492188e-02
3.387117385864257812e-02
2.870464324951171875e-02
2.842783927917480469e-02
1.991224288940429688e-02
2.359986305236816406e-02
4.118394851684570312e-02
2.914738655090332031e-02
2.522850036621093750e-02
3.108048439025878906e-02
3.220438957214355469e-02
3.679823875427246094e-02
3.042030334472656250e-02
3.027176856994628906e-02
4.053735733032226562e-02
2.896857261657714844e-02
3.602027893066406250e-02
2.983570098876953125e-02
1.805305480957031250e-02
3.125858306884765625e-02
2.794289588928222656e-02
3.532433509826660156e-02
2.646422386169433594e-02
3.303480148315429688e-02
3.328728675842285156e-02
3.162884712219238281e-02
3.731751441955566406e-02
2.946209907531738281e-02
2.882099151611328125e-02
3.135228157043457031e-02
3.986334800720214844e-02
2.856492996215820312e-02
3.161048889160156250e-02
3.032183647155761719e-02
2.790713310241699219e-02
3.409028053283691406e-02
2.773332595825195312e-02
3.840613365173339844e-02
3.499245643615722656e-02
3.463435173034667969e-02
4.160499572753906250e-02
1.927566528320312500e-02
2.162384986877441406e-02
3.220272064208984375e-02
3.326129913330078125e-02
3.216743469238281250e-02
3.731322288513183594e-02
2.872252464294433594e-02
2.017092704772949219e-02
3.027415275573730469e-02
4.029440879821777344e-02
3.033995628356933594e-02
2.725148200988769531e-02
2.855014801025390625e-02
1.136851310729980469e-02
1.963949203491210938e-02
2.878284454345703125e-02
2.407002449035644531e-02
3.789615631103515625e-02
2.942585945129394531e-02
3.114461898803710938e-02
3.208184242248535156e-02
3.202652931213378906e-02
3.202104568481445312e-02
3.842949867248535156e-02
3.211736679077148438e-02
3.048300743103027344e-02
3.261089324951171875e-02
2.823925018310546875e-02
1.972579956054687500e-02
3.499913215637207031e-02
3.234720230102539062e-02
3.025937080383300781e-02
3.036546707153320312e-02
2.889180183410644531e-02
3.340268135070800781e-02
3.282737731933593750e-02
3.265428543090820312e-02
3.161430358886718750e-02
3.595829010009765625e-02
3.643202781677246094e-02
3.877758979797363281e-02
2.699184417724609375e-02
3.042888641357421875e-02
2.969479560852050781e-02
3.306078910827636719e-02
4.013228416442871094e-02
2.511644363403320312e-02
2.867937088012695312e-02
3.253197669982910156e-02
3.176140785217285156e-02
1.953911781311035156e-02
2.840828895568847656e-02
3.263068199157714844e-02
3.773212432861328125e-02
3.861808776855468750e-02
3.251576423645019531e-02
4.004597663879394531e-02
3.116512298583984375e-02
3.751349449157714844e-02
3.979134559631347656e-02
2.902746200561523438e-02
1.811480522155761719e-02
3.265118598937988281e-02
3.086686134338378906e-02
3.849625587463378906e-02
3.552579879760742188e-02
1.986479759216308594e-02
3.201770782470703125e-02
3.234577178955078125e-02
2.373695373535156250e-02
3.638982772827148438e-02
3.160691261291503906e-02
3.085613250732421875e-02
3.277444839477539062e-02
3.368854522705078125e-02
3.061556816101074219e-02
3.929424285888671875e-02
2.767443656921386719e-02
3.506016731262207031e-02
4.173445701599121094e-02
2.903580665588378906e-02
3.122639656066894531e-02
1.920628547668457031e-02
3.016901016235351562e-02
3.652811050415039062e-02
1.938295364379882812e-02
3.339481353759765625e-02
3.452253341674804688e-02
3.199005126953125000e-02
3.648424148559570312e-02
2.797484397888183594e-02
2.842640876770019531e-02
3.804612159729003906e-02
3.262400627136230469e-02
2.995467185974121094e-02
2.934813499450683594e-02
1.634502410888671875e-02
2.869534492492675781e-02
2.729249000549316406e-02
3.318786621093750000e-02
3.296732902526855469e-02
3.351497650146484375e-02
2.568697929382324219e-02
4.102683067321777344e-02
3.348398208618164062e-02
2.003192901611328125e-02
2.987813949584960938e-02
3.119540214538574219e-02
2.658414840698242188e-02
3.085494041442871094e-02
3.284573554992675781e-02
2.400875091552734375e-02
3.021669387817382812e-02
3.166484832763671875e-02
3.271555900573730469e-02
2.609205245971679688e-02
3.310918807983398438e-02
3.464913368225097656e-02
2.944827079772949219e-02
3.175616264343261719e-02
3.868484497070312500e-02
1.975560188293457031e-02
2.218151092529296875e-02
3.984403610229492188e-02
2.764534950256347656e-02
3.119349479675292969e-02
3.128099441528320312e-02
1.771187782287597656e-02
3.310561180114746094e-02
3.315925598144531250e-02
1.987433433532714844e-02
1.444029808044433594e-02
1.401996612548828125e-02
4.403424263000488281e-02
3.407621383666992188e-02
2.986335754394531250e-02
4.438710212707519531e-02
3.100180625915527344e-02
3.634905815124511719e-02
2.809596061706542969e-02
1.963329315185546875e-02
9.816408157348632812e-03
2.698183059692382812e-02
2.879333496093750000e-02
5.270147323608398438e-02
4.003000259399414062e-02
2.359509468078613281e-02
2.662158012390136719e-02
3.660655021667480469e-02
4.124474525451660156e-02
2.508211135864257812e-02
2.560687065124511719e-02
2.763247489929199219e-02
1.562595367431640625e-02
1.860117912292480469e-02
1.487708091735839844e-02
4.069781303405761719e-02
2.987647056579589844e-02
3.326964378356933594e-02
3.332996368408203125e-02
3.047370910644531250e-02
2.942228317260742188e-02
3.054261207580566406e-02
2.517104148864746094e-02
3.776049613952636719e-02
3.521227836608886719e-02
2.388763427734375000e-02
4.249405860900878906e-02
3.588724136352539062e-02
2.032971382141113281e-02
2.034997940063476562e-02
1.739144325256347656e-02
3.004288673400878906e-02
3.543496131896972656e-02
3.913283348083496094e-02
3.036093711853027344e-02
2.939629554748535156e-02
3.660941123962402344e-02
3.704309463500976562e-02
2.728366851806640625e-02
2.991271018981933594e-02
3.472399711608886719e-02
3.532576560974121094e-02
3.255867958068847656e-02
2.999854087829589844e-02
3.184390068054199219e-02
4.024934768676757812e-02
2.899503707885742188e-02
2.914595603942871094e-02
1.963829994201660156e-02
1.761698722839355469e-02
1.659345626831054688e-02
1.878714561462402344e-02
3.457760810852050781e-02
3.872323036193847656e-02
2.906703948974609375e-02
2.845907211303710938e-02
3.541755676269531250e-02
2.919054031372070312e-02
2.836203575134277344e-02
3.559827804565429688e-02
3.113627433776855469e-02
3.554344177246093750e-02
2.907109260559082031e-02
3.207111358642578125e-02
3.226637840270996094e-02
8.988380432128906250e-03
2.172541618347167969e-02
2.091097831726074219e-02
3.461623191833496094e-02
2.554798126220703125e-02
2.175331115722656250e-02
1.285457611083984375e-02
4.122161865234375000e-02
3.485584259033203125e-02
4.359722137451171875e-02
1.716041564941406250e-02
3.067445755004882812e-02
4.091572761535644531e-02
3.242397308349609375e-02
3.612494468688964844e-02
3.264427185058593750e-02
3.726458549499511719e-02
3.981828689575195312e-02
2.886343002319335938e-02
3.868532180786132812e-02
3.565120697021484375e-02
2.930879592895507812e-02
3.572320938110351562e-02
3.070497512817382812e-02
3.062486648559570312e-02
3.536391258239746094e-02
4.070305824279785156e-02
4.299616813659667969e-02
3.364443778991699219e-02
3.285503387451171875e-02
4.855227470397949219e-02
3.586435317993164062e-02
3.839993476867675781e-02
3.354024887084960938e-02
4.376578330993652344e-02
4.098868370056152344e-02
3.464365005493164062e-02
3.497385978698730469e-02
3.086543083190917969e-02
2.639961242675781250e-02
3.632402420043945312e-02
3.876090049743652344e-02
4.018735885620117188e-02
3.250646591186523438e-02
3.675293922424316406e-02
2.229189872741699219e-02
3.029465675354003906e-02
2.435064315795898438e-02
3.669261932373046875e-02
4.127693176269531250e-02
2.967000007629394531e-02
1.672625541687011719e-02
3.398633003234863281e-02
2.754354476928710938e-02
3.528785705566406250e-02
3.997898101806640625e-02
1.684474945068359375e-02
2.211236953735351562e-02
1.728081703186035156e-02
3.209900856018066406e-02
4.039335250854492188e-02
3.227210044860839844e-02
3.891444206237792969e-02
3.292179107666015625e-02
2.793693542480468750e-02
1.505780220031738281e-02
3.060388565063476562e-02
3.244948387145996094e-02
3.196096420288085938e-02
4.518795013427734375e-02
3.356504440307617188e-02
3.984141349792480469e-02
2.816295623779296875e-02
5.632591247558593750e-02
3.015375137329101562e-02
3.543996810913085938e-02
3.127717971801757812e-02
1.934456825256347656e-02
3.330564498901367188e-02
1.017999649047851562e-02
2.893185615539550781e-02
3.622436523437500000e-02
4.163885116577148438e-02
3.331398963928222656e-02
3.001904487609863281e-02
3.006505966186523438e-02
3.388094902038574219e-02
3.489375114440917969e-02
2.264070510864257812e-02
2.011680603027343750e-02
3.051185607910156250e-02
1.285195350646972656e-02
2.120780944824218750e-02
1.833319664001464844e-02
1.581931114196777344e-02
2.964091300964355469e-02
1.107835769653320312e-02
2.064728736877441406e-02
2.359604835510253906e-02
3.115034103393554688e-02
3.642106056213378906e-02
3.743982315063476562e-02
3.232049942016601562e-02
3.195905685424804688e-02
3.146338462829589844e-02
3.506112098693847656e-02
2.045989036560058594e-02
2.567291259765625000e-02
3.257775306701660156e-02
4.004669189453125000e-02
3.150415420532226562e-02
3.536939620971679688e-02
3.146862983703613281e-02
3.804063796997070312e-02
3.446841239929199219e-02
2.985978126525878906e-02
2.612757682800292969e-02
3.511619567871093750e-02
4.036283493041992188e-02
4.395699501037597656e-02
3.303050994873046875e-02
2.910661697387695312e-02
2.294421195983886719e-02
2.973246574401855469e-02
3.371024131774902344e-02
2.842760086059570312e-02
2.919793128967285156e-02
3.486180305480957031e-02
3.219890594482421875e-02
3.696656227111816406e-02
3.931427001953125000e-02
2.784752845764160156e-02
1.786541938781738281e-02
2.630734443664550781e-02
3.023719787597656250e-02
3.185272216796875000e-02
3.446412086486816406e-02
3.486990928649902344e-02
3.026056289672851562e-02
1.930785179138183594e-02
2.710461616516113281e-02
2.039337158203125000e-02
1.809096336364746094e-02
1.926493644714355469e-02
2.510714530944824219e-02
1.310658454895019531e-02
2.092552185058593750e-02
4.241442680358886719e-02
3.134393692016601562e-02
4.233670234680175781e-02
3.310418128967285156e-02
1.600956916809082031e-02
3.047943115234375000e-02
1.954364776611328125e-02
8.121490478515625000e-03
2.081012725830078125e-02
1.732397079467773438e-02
9.130954742431640625e-03
2.310848236083984375e-02
2.690768241882324219e-02
3.256082534790039062e-02
9.827613830566406250e-03
2.314519882202148438e-02
3.531503677368164062e-02
3.055191040039062500e-02
3.505373001098632812e-02
3.904247283935546875e-02
3.946924209594726562e-02
3.813815116882324219e-02
3.697228431701660156e-02
4.030251502990722656e-02
1.889157295227050781e-02
4.140043258666992188e-02
2.797126770019531250e-02
3.287267684936523438e-02
1.928925514221191406e-02
1.851201057434082031e-02
2.663731575012207031e-02
1.604652404785156250e-02
1.054620742797851562e-02
3.038620948791503906e-02
3.582954406738281250e-02
3.013181686401367188e-02
3.889107704162597656e-02
2.903246879577636719e-02
3.519034385681152344e-02
3.051042556762695312e-02
3.796958923339843750e-02
2.738595008850097656e-02
3.323841094970703125e-02
4.089999198913574219e-02
2.982449531555175781e-02
3.002858161926269531e-02
1.123309135437011719e-02
5.220890045166015625e-02
3.525900840759277344e-02
3.537225723266601562e-02
4.143738746643066406e-02
3.975963592529296875e-02
4.151940345764160156e-02
3.486776351928710938e-02
3.687810897827148438e-02
3.520441055297851562e-02
4.122734069824218750e-02
2.630519866943359375e-02
1.700568199157714844e-02
1.793766021728515625e-02
2.897572517395019531e-02
2.557253837585449219e-02
4.147338867187500000e-02
3.288316726684570312e-02
3.479719161987304688e-02
2.823519706726074219e-02
3.320932388305664062e-02
3.969240188598632812e-02
2.713346481323242188e-02
3.349399566650390625e-02
3.264331817626953125e-02
3.126335144042968750e-02
3.195381164550781250e-02
3.374195098876953125e-02
2.966642379760742188e-02
3.294539451599121094e-02
4.048371315002441406e-02
2.024722099304199219e-02
3.042769432067871094e-02
3.048753738403320312e-02
2.011013031005859375e-02
3.445887565612792969e-02
2.945804595947265625e-02
2.398681640625000000e-02
2.242803573608398438e-02
2.804541587829589844e-02
3.105187416076660156e-02
4.546141624450683594e-02
3.796243667602539062e-02
2.926492691040039062e-02
2.976393699645996094e-02
2.975773811340332031e-02
3.338909149169921875e-02
1.874661445617675781e-02
2.742123603820800781e-02
2.179026603698730469e-02
3.322815895080566406e-02
3.417539596557617188e-02
3.376936912536621094e-02
3.073096275329589844e-02
3.929066658020019531e-02
3.355526924133300781e-02
3.198075294494628906e-02
3.025770187377929688e-02
2.926516532897949219e-02
2.089643478393554688e-02
3.084111213684082031e-02
4.080295562744140625e-02
2.850914001464843750e-02
1.925158500671386719e-02
1.703262329101562500e-02
2.360081672668457031e-02
3.326749801635742188e-02
3.057193756103515625e-02
2.851200103759765625e-02
1.486063003540039062e-02
3.034329414367675781e-02
2.884840965270996094e-02
3.560900688171386719e-02
2.767276763916015625e-02
3.586411476135253906e-02
1.937556266784667969e-02
3.221416473388671875e-02
1.906609535217285156e-02
3.428149223327636719e-02
2.554273605346679688e-02
3.544712066650390625e-02
4.400587081909179688e-02
4.975533485412597656e-02
4.030466079711914062e-02
1.731657981872558594e-02
2.300000190734863281e-02
1.856398582458496094e-02
3.353357315063476562e-02
2.261853218078613281e-02
3.878784179687500000e-02
3.135704994201660156e-02
3.374552726745605469e-02
3.735542297363281250e-02
3.023529052734375000e-02
2.753686904907226562e-02
2.687907218933105469e-02
1.424717903137207031e-02
1.905918121337890625e-02
3.042101860046386719e-02
1.159214973449707031e-02
2.392458915710449219e-02
1.989293098449707031e-02
2.231025695800781250e-02
2.026200294494628906e-02
2.071452140808105469e-02
3.319859504699707031e-02
3.505086898803710938e-02
3.018283843994140625e-02
2.050232887268066406e-02
3.341960906982421875e-02
3.068089485168457031e-02
3.062129020690917969e-02
3.033161163330078125e-02
3.507041931152343750e-02
4.480862617492675781e-02
1.885890960693359375e-02
2.193498611450195312e-02
8.439779281616210938e-03
4.210352897644042969e-02
3.104567527770996094e-02
2.239060401916503906e-02
1.559209823608398438e-02
2.950811386108398438e-02
3.042602539062500000e-02
3.399229049682617188e-02
3.186130523681640625e-02
2.067303657531738281e-02
1.971220970153808594e-02
4.027009010314941406e-02
3.328943252563476562e-02
3.768348693847656250e-02
4.004216194152832031e-02
3.347373008728027344e-02
3.700804710388183594e-02
3.836059570312500000e-02
3.937840461730957031e-02
1.598143577575683594e-02
2.040648460388183594e-02
3.940176963806152344e-02
5.057191848754882812e-02
4.204988479614257812e-02
4.085612297058105469e-02
2.738261222839355469e-02
1.937294006347656250e-02
2.839326858520507812e-02
3.553414344787597656e-02
2.532601356506347656e-02
2.353620529174804688e-02
3.719162940979003906e-02
2.093148231506347656e-02
5.135941505432128906e-02
3.355240821838378906e-02
3.659129142761230469e-02
4.348540306091308594e-02
4.920530319213867188e-02
3.358149528503417969e-02
4.254317283630371094e-02
2.174210548400878906e-02
2.011132240295410156e-02
4.602432250976562500e-02
4.200577735900878906e-02
2.580714225769042969e-02
4.056859016418457031e-02
3.528952598571777344e-02
3.457069396972656250e-02
3.449892997741699219e-02
3.051733970642089844e-02
2.624082565307617188e-02
5.093646049499511719e-02
3.170108795166015625e-02
2.838253974914550781e-02
3.734922409057617188e-02
4.677987098693847656e-02
2.976751327514648438e-02
2.861046791076660156e-02
3.248858451843261719e-02
4.008769989013671875e-02
5.323266983032226562e-02
8.635759353637695312e-03
1.481366157531738281e-02
2.011370658874511719e-02
2.434134483337402344e-02
1.981019973754882812e-02
2.285122871398925781e-02
2.490115165710449219e-02
2.998137474060058594e-02
4.479503631591796875e-02
1.511192321777343750e-02
3.769254684448242188e-02
3.865480422973632812e-02
3.136587142944335938e-02
3.036212921142578125e-02
3.841495513916015625e-02
4.360246658325195312e-02
2.843594551086425781e-02
1.518273353576660156e-02
3.020024299621582031e-02
