3.019351959228515625e-01
5.809426307678222656e-02
3.188085556030273438e-02
2.309679985046386719e-02
3.764247894287109375e-02
3.683423995971679688e-02
3.167581558227539062e-02
5.175304412841796875e-02
3.790998458862304688e-02
2.183985710144042969e-02
2.682876586914062500e-02
4.723739624023437500e-02
3.897857666015625000e-02
2.140474319458007812e-02
2.187180519104003906e-02
2.803301811218261719e-02
1.956081390380859375e-02
2.675151824951171875e-02
4.864144325256347656e-02
5.059814453125000000e-02
3.518700599670410156e-02
2.899813652038574219e-02
2.744293212890625000e-02
4.030895233154296875e-02
3.960800170898437500e-02
3.736543655395507812e-02
3.090214729309082031e-02
3.757786750793457031e-02
3.471994400024414062e-02
4.715347290039062500e-02
4.873085021972656250e-02
3.783464431762695312e-02
4.017567634582519531e-02
5.374646186828613281e-02
4.400229454040527344e-02
3.706407546997070312e-02
3.535294532775878906e-02
2.635788917541503906e-02
1.964759826660156250e-02
4.803490638732910156e-02
5.113625526428222656e-02
3.305816650390625000e-02
3.333163261413574219e-02
1.808547973632812500e-02
2.010655403137207031e-02
2.866530418395996094e-02
2.169489860534667969e-02
2.743983268737792969e-02
3.136038780212402344e-02
1.667118072509765625e-02
3.302288055419921875e-02
3.627538681030273438e-02
2.435564994812011719e-02
2.680873870849609375e-02
2.292060852050781250e-02
1.505160331726074219e-02
1.212120056152343750e-02
2.392387390136718750e-02
3.165864944458007812e-02
3.020739555358886719e-02
4.751157760620117188e-02
3.871583938598632812e-02
4.329109191894531250e-02
3.323698043823242188e-02
5.316138267517089844e-02
2.810621261596679688e-02
2.948951721191406250e-02
2.362442016601562500e-02
2.933764457702636719e-02
3.726577758789062500e-02
3.116416931152343750e-02
3.574514389038085938e-02
3.218793869018554688e-02
4.071974754333496094e-02
5.310678482055664062e-02
3.889322280883789062e-02
4.237461090087890625e-02
3.351736068725585938e-02
2.869391441345214844e-02
3.377771377563476562e-02
4.287362098693847656e-02
4.839015007019042969e-02
4.155898094177246094e-02
3.539466857910156250e-02
2.488231658935546875e-02
2.001357078552246094e-02
3.226900100708007812e-02
2.981114387512207031e-02
2.067041397094726562e-02
2.516722679138183594e-02
2.743554115295410156e-02
2.531838417053222656e-02
3.155803680419921875e-02
4.473853111267089844e-02
3.258800506591796875e-02
2.952408790588378906e-02
2.955317497253417969e-02
1.859092712402343750e-02
3.260421752929687500e-02
2.975344657897949219e-02
3.051352500915527344e-02
1.965308189392089844e-02
4.836177825927734375e-02
3.380441665649414062e-02
3.288173675537109375e-02
5.482530593872070312e-02
4.997897148132324219e-02
3.535628318786621094e-02
4.144716262817382812e-02
2.946066856384277344e-02
3.044748306274414062e-02
2.501082420349121094e-02
2.174806594848632812e-02
4.819059371948242188e-02
3.207564353942871094e-02
2.009224891662597656e-02
2.324581146240234375e-02
2.012085914611816406e-02
4.533576965332031250e-02
4.093909263610839844e-02
3.872966766357421875e-02
3.366851806640625000e-02
2.158403396606445312e-02
2.880716323852539062e-02
3.399610519409179688e-02
3.700804710388183594e-02
2.294564247131347656e-02
3.078722953796386719e-02
2.425050735473632812e-02
2.010941505432128906e-02
2.848577499389648438e-02
3.141713142395019531e-02
2.850604057312011719e-02
3.351974487304687500e-02
3.144621849060058594e-02
4.228925704956054688e-02
3.365373611450195312e-02
2.020168304443359375e-02
3.725552558898925781e-02
2.031826972961425781e-02
2.440237998962402344e-02
1.889729499816894531e-02
2.269887924194335938e-02
1.848864555358886719e-02
3.869462013244628906e-02
4.489946365356445312e-02
3.845405578613281250e-02
3.800773620605468750e-02
2.158808708190917969e-02
1.639199256896972656e-02
2.887725830078125000e-02
2.142500877380371094e-02
2.191901206970214844e-02
3.186845779418945312e-02
3.047728538513183594e-02
5.093622207641601562e-02
3.985428810119628906e-02
3.636145591735839844e-02
2.726030349731445312e-02
1.521968841552734375e-02
2.087616920471191406e-02
3.116440773010253906e-02
3.396415710449218750e-02
3.384709358215332031e-02
4.045820236206054688e-02
2.998566627502441406e-02
2.438235282897949219e-02
2.497625350952148438e-02
2.234625816345214844e-02
1.857280731201171875e-02
2.190375328063964844e-02
2.015256881713867188e-02
1.661705970764160156e-02
2.426695823669433594e-02
2.498674392700195312e-02
2.262997627258300781e-02
1.497769355773925781e-02
1.709604263305664062e-02
1.875305175781250000e-02
2.416110038757324219e-02
2.253818511962890625e-02
1.989316940307617188e-02
1.470613479614257812e-02
1.154351234436035156e-02
1.610660552978515625e-02
1.724219322204589844e-02
1.628208160400390625e-02
2.024722099304199219e-02
2.364039421081542969e-02
1.551198959350585938e-02
1.706719398498535156e-02
1.900506019592285156e-02
1.035642623901367188e-02
9.952545166015625000e-03
1.578116416931152344e-02
1.628947257995605469e-02
3.994584083557128906e-02
3.016519546508789062e-02
2.820587158203125000e-02
2.504181861877441406e-02
1.651191711425781250e-02
1.595067977905273438e-02
2.009868621826171875e-02
2.455353736877441406e-02
3.345322608947753906e-02
1.942968368530273438e-02
2.622127532958984375e-02
2.944493293762207031e-02
2.423167228698730469e-02
2.402639389038085938e-02
2.243828773498535156e-02
3.012752532958984375e-02
2.847981452941894531e-02
3.454351425170898438e-02
3.667163848876953125e-02
4.205727577209472656e-02
3.724122047424316406e-02
2.031278610229492188e-02
2.313971519470214844e-02
1.604437828063964844e-02
1.772451400756835938e-02
2.921962738037109375e-02
3.081202507019042969e-02
3.132009506225585938e-02
2.357316017150878906e-02
2.006649971008300781e-02
3.988218307495117188e-02
3.268885612487792969e-02
2.800416946411132812e-02
3.601527214050292969e-02
4.470562934875488281e-02
4.711723327636718750e-02
3.852677345275878906e-02
3.141069412231445312e-02
2.861976623535156250e-02
2.037167549133300781e-02
2.053260803222656250e-02
4.577589035034179688e-02
2.341008186340332031e-02
3.199195861816406250e-02
3.091573715209960938e-02
3.867912292480468750e-02
4.043865203857421875e-02
3.853440284729003906e-02
1.993680000305175781e-02
1.951885223388671875e-02
1.985025405883789062e-02
2.095317840576171875e-02
2.601861953735351562e-02
2.685117721557617188e-02
3.007936477661132812e-02
2.242660522460937500e-02
2.254199981689453125e-02
1.348519325256347656e-02
1.974344253540039062e-02
2.451872825622558594e-02
2.345347404479980469e-02
1.170659065246582031e-02
2.019333839416503906e-02
3.068995475769042969e-02
2.377176284790039062e-02
1.923227310180664062e-02
1.725912094116210938e-02
1.594519615173339844e-02
2.462124824523925781e-02
2.410316467285156250e-02
2.134513854980468750e-02
2.842235565185546875e-02
2.060484886169433594e-02
2.948117256164550781e-02
4.125881195068359375e-02
3.353643417358398438e-02
1.508307456970214844e-02
2.458357810974121094e-02
3.743314743041992188e-02
4.035210609436035156e-02
3.175640106201171875e-02
3.672623634338378906e-02
4.330086708068847656e-02
4.580616950988769531e-02
3.133177757263183594e-02
1.459169387817382812e-02
3.017234802246093750e-02
2.501225471496582031e-02
1.996350288391113281e-02
2.324032783508300781e-02
1.647329330444335938e-02
3.815388679504394531e-02
4.059672355651855469e-02
2.104783058166503906e-02
3.208327293395996094e-02
2.160954475402832031e-02
1.637983322143554688e-02
2.539062500000000000e-02
1.991677284240722656e-02
2.730059623718261719e-02
1.996231079101562500e-02
2.352619171142578125e-02
2.570819854736328125e-02
2.749609947204589844e-02
1.828241348266601562e-02
3.023314476013183594e-02
2.916741371154785156e-02
2.340745925903320312e-02
2.139878273010253906e-02
4.323840141296386719e-02
4.063320159912109375e-02
3.207445144653320312e-02
4.443430900573730469e-02
3.004169464111328125e-02
3.398036956787109375e-02
2.985811233520507812e-02
2.065801620483398438e-02
4.003858566284179688e-02
4.631090164184570312e-02
3.501176834106445312e-02
2.128338813781738281e-02
3.072571754455566406e-02
3.298068046569824219e-02
2.768111228942871094e-02
2.964019775390625000e-02
2.653002738952636719e-02
2.771639823913574219e-02
3.981208801269531250e-02
3.106975555419921875e-02
3.219532966613769531e-02
3.885149955749511719e-02
4.496383666992187500e-02
3.755283355712890625e-02
2.360200881958007812e-02
3.900718688964843750e-02
2.792978286743164062e-02
3.366398811340332031e-02
3.605055809020996094e-02
3.201794624328613281e-02
4.368925094604492188e-02
4.319715499877929688e-02
4.191923141479492188e-02
4.109621047973632812e-02
2.090787887573242188e-02
4.292488098144531250e-02
2.719759941101074219e-02
2.794599533081054688e-02
2.272891998291015625e-02
2.207183837890625000e-02
3.889656066894531250e-02
3.448390960693359375e-02
3.951692581176757812e-02
2.414774894714355469e-02
1.417350769042968750e-02
1.752352714538574219e-02
1.760697364807128906e-02
1.876807212829589844e-02
1.678705215454101562e-02
1.663970947265625000e-02
1.653766632080078125e-02
1.669311523437500000e-02
1.640462875366210938e-02
1.449537277221679688e-02
2.073216438293457031e-02
1.282477378845214844e-02
1.485490798950195312e-02
1.000189781188964844e-02
1.389551162719726562e-02
1.474356651306152344e-02
1.216173171997070312e-02
1.291847229003906250e-02
2.139616012573242188e-02
1.484560966491699219e-02
2.098584175109863281e-02
2.622890472412109375e-02
2.090644836425781250e-02
1.299667358398437500e-02
2.988076210021972656e-02
2.000117301940917969e-02
1.574444770812988281e-02
1.562523841857910156e-02
8.583784103393554688e-03
1.452207565307617188e-02
1.700043678283691406e-02
2.199578285217285156e-02
1.954746246337890625e-02
2.004480361938476562e-02
2.472877502441406250e-02
1.403617858886718750e-02
1.740550994873046875e-02
1.563668251037597656e-02
1.912522315979003906e-02
1.492381095886230469e-02
1.164293289184570312e-02
1.595258712768554688e-02
2.022147178649902344e-02
2.264142036437988281e-02
1.174497604370117188e-02
1.470303535461425781e-02
1.717376708984375000e-02
1.534080505371093750e-02
1.639986038208007812e-02
1.750278472900390625e-02
2.881574630737304688e-02
1.839685440063476562e-02
8.895874023437500000e-03
2.155685424804687500e-02
2.044367790222167969e-02
2.819442749023437500e-02
2.122402191162109375e-02
1.770401000976562500e-02
2.091383934020996094e-02
2.811098098754882812e-02
2.967572212219238281e-02
2.496147155761718750e-02
1.935935020446777344e-02
2.100467681884765625e-02
2.484989166259765625e-02
3.534984588623046875e-02
3.710365295410156250e-02
3.637337684631347656e-02
3.368520736694335938e-02
2.509379386901855469e-02
2.997136116027832031e-02
3.102183341979980469e-02
4.257965087890625000e-02
2.173066139221191406e-02
1.892709732055664062e-02
2.070665359497070312e-02
2.167296409606933594e-02
1.942253112792968750e-02
1.606678962707519531e-02
1.864194869995117188e-02
2.167153358459472656e-02
1.739096641540527344e-02
1.997828483581542969e-02
2.392578125000000000e-02
1.981425285339355469e-02
2.509188652038574219e-02
2.035498619079589844e-02
2.002739906311035156e-02
2.720522880554199219e-02
2.242207527160644531e-02
2.354049682617187500e-02
2.798986434936523438e-02
3.166556358337402344e-02
3.109264373779296875e-02
2.991318702697753906e-02
2.600979804992675781e-02
3.452897071838378906e-02
3.501224517822265625e-02
3.151702880859375000e-02
3.721642494201660156e-02
3.133320808410644531e-02
3.823423385620117188e-02
2.824759483337402344e-02
2.438712120056152344e-02
2.872085571289062500e-02
3.165721893310546875e-02
4.976177215576171875e-02
3.738594055175781250e-02
2.321934700012207031e-02
2.627110481262207031e-02
2.813863754272460938e-02
3.024816513061523438e-02
7.539033889770507812e-03
1.965832710266113281e-02
2.484464645385742188e-02
1.753139495849609375e-02
1.625609397888183594e-02
2.079200744628906250e-02
1.971721649169921875e-02
2.109909057617187500e-02
3.019452095031738281e-02
1.981687545776367188e-02
2.586841583251953125e-02
1.854395866394042969e-02
2.614068984985351562e-02
3.176331520080566406e-02
2.978706359863281250e-02
2.983188629150390625e-02
3.228187561035156250e-02
3.455281257629394531e-02
4.297018051147460938e-02
4.630374908447265625e-02
3.745245933532714844e-02
2.840352058410644531e-02
2.587604522705078125e-02
3.124618530273437500e-02
2.875947952270507812e-02
2.186107635498046875e-02
2.059960365295410156e-02
2.339172363281250000e-02
2.543139457702636719e-02
2.834081649780273438e-02
2.382659912109375000e-02
2.345705032348632812e-02
1.803755760192871094e-02
2.008628845214843750e-02
1.865339279174804688e-02
2.149653434753417969e-02
1.710176467895507812e-02
1.926422119140625000e-02
2.478885650634765625e-02
1.986765861511230469e-02
2.963614463806152344e-02
1.986503601074218750e-02
2.791762351989746094e-02
2.120923995971679688e-02
3.510808944702148438e-02
1.754307746887207031e-02
1.768541336059570312e-02
1.454257965087890625e-02
2.051901817321777344e-02
1.765823364257812500e-02
1.743721961975097656e-02
1.846837997436523438e-02
2.956533432006835938e-02
3.508615493774414062e-02
2.843761444091796875e-02
2.994585037231445312e-02
4.372859001159667969e-02
3.788995742797851562e-02
2.097797393798828125e-02
2.587294578552246094e-02
3.130173683166503906e-02
3.130626678466796875e-02
3.279709815979003906e-02
2.896904945373535156e-02
4.101181030273437500e-02
5.017495155334472656e-02
3.041267395019531250e-02
2.620530128479003906e-02
3.659868240356445312e-02
4.187297821044921875e-02
4.635024070739746094e-02
4.045772552490234375e-02
3.351163864135742188e-02
3.700232505798339844e-02
2.547979354858398438e-02
2.403259277343750000e-02
3.348541259765625000e-02
4.137969017028808594e-02
3.197717666625976562e-02
4.609918594360351562e-02
2.921438217163085938e-02
4.110050201416015625e-02
2.512216567993164062e-02
1.856803894042968750e-02
3.911399841308593750e-02
3.084635734558105469e-02
2.852678298950195312e-02
4.207181930541992188e-02
4.837894439697265625e-02
4.096817970275878906e-02
4.413652420043945312e-02
2.988171577453613281e-02
4.349493980407714844e-02
4.398369789123535156e-02
4.005289077758789062e-02
2.436566352844238281e-02
1.869082450866699219e-02
3.152251243591308594e-02
1.013255119323730469e-02
2.494955062866210938e-02
3.184914588928222656e-02
2.966070175170898438e-02
3.218340873718261719e-02
3.103733062744140625e-02
3.173184394836425781e-02
2.864384651184082031e-02
3.440403938293457031e-02
2.533388137817382812e-02
2.962040901184082031e-02
2.907061576843261719e-02
3.000640869140625000e-02
4.162263870239257812e-02
3.264689445495605469e-02
3.693127632141113281e-02
3.018331527709960938e-02
2.407121658325195312e-02
1.236486434936523438e-02
2.277302742004394531e-02
3.296566009521484375e-02
5.100727081298828125e-02
2.456641197204589844e-02
2.263355255126953125e-02
8.047103881835937500e-03
1.342535018920898438e-02
1.952648162841796875e-02
2.140235900878906250e-02
2.883887290954589844e-02
2.152681350708007812e-02
3.080320358276367188e-02
3.069376945495605469e-02
3.394317626953125000e-02
3.346371650695800781e-02
2.411365509033203125e-02
2.377557754516601562e-02
3.262090682983398438e-02
2.414488792419433594e-02
2.169513702392578125e-02
2.426743507385253906e-02
2.355885505676269531e-02
2.609634399414062500e-02
2.577185630798339844e-02
3.948116302490234375e-02
3.091120719909667969e-02
3.131222724914550781e-02
2.793455123901367188e-02
2.007746696472167969e-02
2.021932601928710938e-02
2.152442932128906250e-02
1.969695091247558594e-02
2.143383026123046875e-02
2.554845809936523438e-02
2.484011650085449219e-02
2.146100997924804688e-02
2.419567108154296875e-02
1.899981498718261719e-02
2.081632614135742188e-02
2.390933036804199219e-02
1.802134513854980469e-02
3.102755546569824219e-02
2.898645401000976562e-02
3.037834167480468750e-02
2.772355079650878906e-02
1.676344871520996094e-02
2.604031562805175781e-02
2.535176277160644531e-02
1.988625526428222656e-02
2.001881599426269531e-02
2.233433723449707031e-02
2.453279495239257812e-02
1.683926582336425781e-02
1.430106163024902344e-02
2.021169662475585938e-02
3.935074806213378906e-02
2.988195419311523438e-02
1.730895042419433594e-02
1.834893226623535156e-02
3.003025054931640625e-02
1.827573776245117188e-02
2.049946784973144531e-02
2.315568923950195312e-02
1.902127265930175781e-02
2.799177169799804688e-02
2.335023880004882812e-02
1.895070075988769531e-02
1.795959472656250000e-02
1.675271987915039062e-02
2.412819862365722656e-02
2.710962295532226562e-02
1.987528800964355469e-02
2.050447463989257812e-02
2.408099174499511719e-02
2.060675621032714844e-02
1.993417739868164062e-02
2.031111717224121094e-02
2.190899848937988281e-02
2.105545997619628906e-02
2.074599266052246094e-02
2.436399459838867188e-02
2.810978889465332031e-02
2.989983558654785156e-02
3.089308738708496094e-02
3.663253784179687500e-02
1.987433433532714844e-02
2.054214477539062500e-02
3.976941108703613281e-02
2.724361419677734375e-02
2.184200286865234375e-02
2.414870262145996094e-02
2.710008621215820312e-02
2.692174911499023438e-02
2.569055557250976562e-02
2.079486846923828125e-02
1.781344413757324219e-02
2.174377441406250000e-02
1.807236671447753906e-02
3.412461280822753906e-02
4.354143142700195312e-02
3.405308723449707031e-02
3.021979331970214844e-02
2.024149894714355469e-02
1.751470565795898438e-02
1.783490180969238281e-02
2.385902404785156250e-02
2.158546447753906250e-02
2.155232429504394531e-02
2.197742462158203125e-02
3.179430961608886719e-02
3.659367561340332031e-02
4.295492172241210938e-02
3.846883773803710938e-02
3.448510169982910156e-02
3.913927078247070312e-02
3.599882125854492188e-02
2.985978126525878906e-02
2.257537841796875000e-02
2.959942817687988281e-02
2.982306480407714844e-02
3.285503387451171875e-02
1.971817016601562500e-02
2.248358726501464844e-02
1.874446868896484375e-02
2.649116516113281250e-02
2.189970016479492188e-02
1.880788803100585938e-02
1.880121231079101562e-02
1.619100570678710938e-02
1.988625526428222656e-02
1.894712448120117188e-02
2.731323242187500000e-02
2.613902091979980469e-02
2.076053619384765625e-02
2.537059783935546875e-02
2.801036834716796875e-02
1.992273330688476562e-02
2.164864540100097656e-02
2.545213699340820312e-02
2.839612960815429688e-02
3.168845176696777344e-02
3.073382377624511719e-02
2.212095260620117188e-02
2.852368354797363281e-02
2.616786956787109375e-02
2.482604980468750000e-02
3.510761260986328125e-02
4.210686683654785156e-02
3.805232048034667969e-02
2.310442924499511719e-02
2.419996261596679688e-02
2.679610252380371094e-02
2.212023735046386719e-02
3.355026245117187500e-02
2.759170532226562500e-02
2.891397476196289062e-02
2.169847488403320312e-02
3.097033500671386719e-02
4.906368255615234375e-02
2.899432182312011719e-02
2.361226081848144531e-02
2.949547767639160156e-02
2.287244796752929688e-02
2.181696891784667969e-02
1.699328422546386719e-02
2.466440200805664062e-02
2.120971679687500000e-02
3.863811492919921875e-02
2.840685844421386719e-02
1.739430427551269531e-02
2.560734748840332031e-02
2.565264701843261719e-02
1.990580558776855469e-02
2.237534523010253906e-02
1.952266693115234375e-02
2.277517318725585938e-02
2.976727485656738281e-02
2.174067497253417969e-02
2.683019638061523438e-02
2.329921722412109375e-02
2.855277061462402344e-02
2.787446975708007812e-02
2.079153060913085938e-02
2.907991409301757812e-02
2.589535713195800781e-02
3.003334999084472656e-02
2.894806861877441406e-02
1.924991607666015625e-02
1.859784126281738281e-02
1.570868492126464844e-02
2.287554740905761719e-02
2.016639709472656250e-02
2.072811126708984375e-02
2.961993217468261719e-02
2.518486976623535156e-02
2.055859565734863281e-02
2.042794227600097656e-02
2.194905281066894531e-02
2.035951614379882812e-02
1.802134513854980469e-02
2.018404006958007812e-02
1.622867584228515625e-02
1.860761642456054688e-02
2.943634986877441406e-02
2.396488189697265625e-02
1.835894584655761719e-02
2.866530418395996094e-02
2.982950210571289062e-02
4.154992103576660156e-02
4.038429260253906250e-02
4.008555412292480469e-02
6.035256385803222656e-02
4.684305191040039062e-02
3.424525260925292969e-02
3.258419036865234375e-02
2.760386466979980469e-02
1.850724220275878906e-02
2.639412879943847656e-02
1.853823661804199219e-02
1.999521255493164062e-02
3.354024887084960938e-02
4.069352149963378906e-02
4.113960266113281250e-02
4.233098030090332031e-02
1.721119880676269531e-02
1.716995239257812500e-02
2.132678031921386719e-02
1.956629753112792969e-02
2.334046363830566406e-02
3.648495674133300781e-02
3.233909606933593750e-02
1.763391494750976562e-02
3.673791885375976562e-02
2.893829345703125000e-02
3.650283813476562500e-02
2.843666076660156250e-02
3.251695632934570312e-02
2.121281623840332031e-02
4.015183448791503906e-02
1.926255226135253906e-02
4.001188278198242188e-02
1.880621910095214844e-02
2.140760421752929688e-02
3.456068038940429688e-02
1.991152763366699219e-02
2.125024795532226562e-02
3.633713722229003906e-02
4.032206535339355469e-02
3.983330726623535156e-02
3.347706794738769531e-02
3.028082847595214844e-02
3.031253814697265625e-02
3.130292892456054688e-02
3.105545043945312500e-02
2.247071266174316406e-02
3.100299835205078125e-02
3.197717666625976562e-02
2.964377403259277344e-02
2.010583877563476562e-02
3.014874458312988281e-02
3.648757934570312500e-02
2.874493598937988281e-02
2.326583862304687500e-02
3.191304206848144531e-02
4.227781295776367188e-02
2.983903884887695312e-02
3.999495506286621094e-02
2.789592742919921875e-02
3.370547294616699219e-02
3.359055519104003906e-02
2.572321891784667969e-02
3.196144104003906250e-02
3.996825218200683594e-02
3.351140022277832031e-02
3.995943069458007812e-02
2.826046943664550781e-02
4.139828681945800781e-02
2.717876434326171875e-02
3.314018249511718750e-02
4.000496864318847656e-02
3.372907638549804688e-02
2.322244644165039062e-02
2.735567092895507812e-02
2.168083190917968750e-02
2.051043510437011719e-02
1.486682891845703125e-02
2.341198921203613281e-02
2.205085754394531250e-02
3.137302398681640625e-02
2.187418937683105469e-02
2.841782569885253906e-02
2.102518081665039062e-02
1.163434982299804688e-02
1.800680160522460938e-02
2.355289459228515625e-02
2.058792114257812500e-02
2.080869674682617188e-02
1.978206634521484375e-02
1.309227943420410156e-02
2.469658851623535156e-02
2.225327491760253906e-02
3.011322021484375000e-02
2.104830741882324219e-02
1.980733871459960938e-02
2.565860748291015625e-02
2.648854255676269531e-02
1.906561851501464844e-02
3.400135040283203125e-02
2.424335479736328125e-02
2.462077140808105469e-02
1.942420005798339844e-02
1.973795890808105469e-02
2.070283889770507812e-02
2.893590927124023438e-02
3.370571136474609375e-02
3.051090240478515625e-02
3.376507759094238281e-02
2.869701385498046875e-02
3.117060661315917969e-02
3.767299652099609375e-02
2.429723739624023438e-02
4.110240936279296875e-02
3.662824630737304688e-02
3.333520889282226562e-02
4.272627830505371094e-02
3.211140632629394531e-02
2.917242050170898438e-02
3.867983818054199219e-02
3.160214424133300781e-02
2.971267700195312500e-02
2.399706840515136719e-02
2.596592903137207031e-02
3.358817100524902344e-02
1.919031143188476562e-02
2.626514434814453125e-02
2.559876441955566406e-02
2.213072776794433594e-02
1.253795623779296875e-02
1.516222953796386719e-02
1.711106300354003906e-02
1.861453056335449219e-02
3.042268753051757812e-02
2.353954315185546875e-02
2.236151695251464844e-02
1.926445960998535156e-02
1.693582534790039062e-02
2.843260765075683594e-02
2.308297157287597656e-02
1.125097274780273438e-02
2.147340774536132812e-02
2.805447578430175781e-02
2.828335762023925781e-02
2.936220169067382812e-02
2.002406120300292969e-02
2.958059310913085938e-02
1.866245269775390625e-02
3.105282783508300781e-02
1.910066604614257812e-02
1.630926132202148438e-02
2.371406555175781250e-02
2.985525131225585938e-02
2.873945236206054688e-02
3.123641014099121094e-02
3.436231613159179688e-02
2.737784385681152344e-02
3.452920913696289062e-02
2.501988410949707031e-02
1.975584030151367188e-02
2.016019821166992188e-02
3.085899353027343750e-02
3.192710876464843750e-02
2.047324180603027344e-02
3.240466117858886719e-02
2.554321289062500000e-02
2.082324028015136719e-02
2.028894424438476562e-02
3.106188774108886719e-02
2.314782142639160156e-02
1.988887786865234375e-02
2.003788948059082031e-02
3.010821342468261719e-02
3.986907005310058594e-02
2.828764915466308594e-02
2.125000953674316406e-02
1.940369606018066406e-02
2.395701408386230469e-02
1.898980140686035156e-02
2.510356903076171875e-02
1.677870750427246094e-02
2.459359169006347656e-02
1.991510391235351562e-02
2.745294570922851562e-02
2.410888671875000000e-02
1.598167419433593750e-02
1.599812507629394531e-02
3.183722496032714844e-02
2.847933769226074219e-02
2.836513519287109375e-02
2.958273887634277344e-02
1.959204673767089844e-02
2.916574478149414062e-02
3.307890892028808594e-02
3.538012504577636719e-02
3.390336036682128906e-02
2.711343765258789062e-02
1.844406127929687500e-02
3.071832656860351562e-02
2.699708938598632812e-02
2.184700965881347656e-02
2.339911460876464844e-02
2.846860885620117188e-02
2.959465980529785156e-02
2.889609336853027344e-02
1.883482933044433594e-02
1.042151451110839844e-02
2.120995521545410156e-02
1.386427879333496094e-02
1.948547363281250000e-02
2.829694747924804688e-02
2.914047241210937500e-02
2.395415306091308594e-02
3.774547576904296875e-02
2.798390388488769531e-02
2.863430976867675781e-02
1.864290237426757812e-02
2.025198936462402344e-02
1.943516731262207031e-02
3.989672660827636719e-02
2.498698234558105469e-02
1.815533638000488281e-02
2.800059318542480469e-02
2.678489685058593750e-02
2.176141738891601562e-02
2.578592300415039062e-02
2.873396873474121094e-02
3.218317031860351562e-02
2.852511405944824219e-02
3.127956390380859375e-02
2.339768409729003906e-02
4.231071472167968750e-02
2.618169784545898438e-02
2.033305168151855469e-02
2.418565750122070312e-02
2.897238731384277344e-02
3.375697135925292969e-02
4.042387008666992188e-02
2.976441383361816406e-02
3.496837615966796875e-02
3.930926322937011719e-02
2.899980545043945312e-02
2.620863914489746094e-02
2.011179924011230469e-02
1.378202438354492188e-02
2.079439163208007812e-02
3.000736236572265625e-02
3.871774673461914062e-02
4.126572608947753906e-02
4.845976829528808594e-02
3.863286972045898438e-02
3.234887123107910156e-02
2.339434623718261719e-02
3.337168693542480469e-02
2.555537223815917969e-02
2.086234092712402344e-02
2.146053314208984375e-02
3.191399574279785156e-02
3.540849685668945312e-02
4.891777038574218750e-02
4.042720794677734375e-02
2.438616752624511719e-02
2.842235565185546875e-02
2.925539016723632812e-02
2.381801605224609375e-02
2.911233901977539062e-02
2.245569229125976562e-02
2.941441535949707031e-02
3.968048095703125000e-02
3.090596199035644531e-02
3.120779991149902344e-02
2.433586120605468750e-02
3.144097328186035156e-02
2.791404724121093750e-02
1.916456222534179688e-02
1.805233955383300781e-02
2.507567405700683594e-02
1.712894439697265625e-02
1.709818840026855469e-02
2.115869522094726562e-02
2.299284934997558594e-02
2.032136917114257812e-02
1.977610588073730469e-02
3.135323524475097656e-02
2.465629577636718750e-02
1.997351646423339844e-02
2.932190895080566406e-02
3.213262557983398438e-02
3.166389465332031250e-02
4.182648658752441406e-02
4.745054244995117188e-02
3.209519386291503906e-02
4.390788078308105469e-02
3.083395957946777344e-02
2.347230911254882812e-02
1.687288284301757812e-02
1.654171943664550781e-02
1.151919364929199219e-02
2.386283874511718750e-02
2.577590942382812500e-02
2.852058410644531250e-02
2.320647239685058594e-02
2.164745330810546875e-02
1.976227760314941406e-02
