2.400448322296142578e-01
4.311394691467285156e-02
4.070425033569335938e-02
4.162859916687011719e-02
4.584670066833496094e-02
4.767680168151855469e-02
5.070734024047851562e-02
5.027222633361816406e-02
4.542899131774902344e-02
4.879045486450195312e-02
4.879689216613769531e-02
4.255390167236328125e-02
5.081200599670410156e-02
5.092835426330566406e-02
3.797054290771484375e-02
5.282711982727050781e-02
4.453539848327636719e-02
3.920865058898925781e-02
4.150581359863281250e-02
4.281926155090332031e-02
4.377818107604980469e-02
8.334016799926757812e-02
4.193067550659179688e-02
3.943681716918945312e-02
3.943657875061035156e-02
4.161763191223144531e-02
4.891037940979003906e-02
4.016280174255371094e-02
4.153752326965332031e-02
5.225849151611328125e-02
3.843140602111816406e-02
3.830385208129882812e-02
3.629589080810546875e-02
5.188369750976562500e-02
5.006241798400878906e-02
4.933953285217285156e-02
5.169105529785156250e-02
5.044960975646972656e-02
4.069304466247558594e-02
4.286813735961914062e-02
3.840780258178710938e-02
4.086422920227050781e-02
5.204296112060546875e-02
3.547501564025878906e-02
3.944206237792968750e-02
4.881000518798828125e-02
4.168128967285156250e-02
4.872345924377441406e-02
4.184770584106445312e-02
4.122805595397949219e-02
3.219938278198242188e-02
4.484724998474121094e-02
4.025125503540039062e-02
3.749656677246093750e-02
3.804707527160644531e-02
3.819823265075683594e-02
3.916263580322265625e-02
3.917646408081054688e-02
4.534792900085449219e-02
4.740571975708007812e-02
4.597163200378417969e-02
4.424023628234863281e-02
4.298639297485351562e-02
4.055857658386230469e-02
5.171108245849609375e-02
4.610872268676757812e-02
4.097318649291992188e-02
4.147529602050781250e-02
4.004216194152832031e-02
4.903531074523925781e-02
4.268932342529296875e-02
4.128360748291015625e-02
5.104732513427734375e-02
4.277992248535156250e-02
4.974246025085449219e-02
4.101848602294921875e-02
4.823184013366699219e-02
3.649377822875976562e-02
4.009246826171875000e-02
4.372239112854003906e-02
4.142022132873535156e-02
4.298400878906250000e-02
5.238986015319824219e-02
4.332542419433593750e-02
5.202698707580566406e-02
4.137325286865234375e-02
3.963518142700195312e-02
3.929495811462402344e-02
5.021643638610839844e-02
5.166077613830566406e-02
4.456806182861328125e-02
3.968334197998046875e-02
4.296922683715820312e-02
4.359817504882812500e-02
4.342412948608398438e-02
4.144716262817382812e-02
4.058575630187988281e-02
1.698064804077148438e-02
4.019451141357421875e-02
5.029845237731933594e-02
4.145741462707519531e-02
3.953337669372558594e-02
3.962111473083496094e-02
4.459023475646972656e-02
4.306983947753906250e-02
4.818534851074218750e-02
4.290366172790527344e-02
4.604220390319824219e-02
5.153894424438476562e-02
4.386019706726074219e-02
4.821991920471191406e-02
4.673099517822265625e-02
4.222273826599121094e-02
5.325722694396972656e-02
3.581357002258300781e-02
4.335665702819824219e-02
4.275822639465332031e-02
4.184532165527343750e-02
4.351520538330078125e-02
5.635380744934082031e-02
4.008460044860839844e-02
5.254864692687988281e-02
4.253983497619628906e-02
4.700350761413574219e-02
4.875063896179199219e-02
4.230833053588867188e-02
4.069995880126953125e-02
4.011154174804687500e-02
4.182124137878417969e-02
3.246521949768066406e-02
4.652023315429687500e-02
5.158805847167968750e-02
4.618334770202636719e-02
4.156112670898437500e-02
4.208278656005859375e-02
4.320955276489257812e-02
3.951668739318847656e-02
5.835008621215820312e-02
4.255461692810058594e-02
5.576825141906738281e-02
4.883193969726562500e-02
4.996442794799804688e-02
4.216504096984863281e-02
3.670549392700195312e-02
5.113649368286132812e-02
3.381276130676269531e-02
4.878950119018554688e-02
5.134081840515136719e-02
5.615377426147460938e-02
5.330395698547363281e-02
4.466271400451660156e-02
4.389834403991699219e-02
5.113887786865234375e-02
5.227923393249511719e-02
4.481220245361328125e-02
4.788374900817871094e-02
5.166554450988769531e-02
4.057693481445312500e-02
3.919482231140136719e-02
4.901981353759765625e-02
3.998279571533203125e-02
5.148220062255859375e-02
3.835558891296386719e-02
3.669667243957519531e-02
4.181742668151855469e-02
3.717637062072753906e-02
3.004527091979980469e-02
5.175256729125976562e-02
3.269767761230468750e-02
3.088903427124023438e-02
3.458118438720703125e-02
5.134940147399902344e-02
5.022263526916503906e-02
4.588818550109863281e-02
4.194688796997070312e-02
4.245972633361816406e-02
4.122567176818847656e-02
4.075098037719726562e-02
5.019354820251464844e-02
5.249238014221191406e-02
4.028916358947753906e-02
4.014563560485839844e-02
4.168128967285156250e-02
4.869794845581054688e-02
3.970766067504882812e-02
3.156948089599609375e-02
4.187512397766113281e-02
3.995823860168457031e-02
3.681731224060058594e-02
4.003405570983886719e-02
4.041457176208496094e-02
4.299521446228027344e-02
5.002045631408691406e-02
4.888653755187988281e-02
4.316759109497070312e-02
4.047584533691406250e-02
4.576659202575683594e-02
4.512453079223632812e-02
4.959845542907714844e-02
4.788422584533691406e-02
4.906463623046875000e-02
4.864025115966796875e-02
4.280090332031250000e-02
4.792523384094238281e-02
4.296684265136718750e-02
4.545736312866210938e-02
4.177117347717285156e-02
4.528093338012695312e-02
5.195593833923339844e-02
4.831576347351074219e-02
3.932356834411621094e-02
5.016994476318359375e-02
4.013156890869140625e-02
4.523992538452148438e-02
5.201601982116699219e-02
4.260468482971191406e-02
4.420948028564453125e-02
3.677439689636230469e-02
5.016088485717773438e-02
4.541921615600585938e-02
5.001807212829589844e-02
4.599761962890625000e-02
4.795813560485839844e-02
4.866647720336914062e-02
4.018306732177734375e-02
4.313802719116210938e-02
3.556180000305175781e-02
4.340887069702148438e-02
4.232501983642578125e-02
2.997636795043945312e-02
5.760717391967773438e-02
4.002046585083007812e-02
4.025983810424804688e-02
4.036307334899902344e-02
5.492973327636718750e-02
4.765892028808593750e-02
4.738521575927734375e-02
3.479313850402832031e-02
4.065775871276855469e-02
4.964733123779296875e-02
4.526758193969726562e-02
4.570364952087402344e-02
5.115842819213867188e-02
5.091953277587890625e-02
4.631996154785156250e-02
4.008769989013671875e-02
5.243110656738281250e-02
4.241013526916503906e-02
4.243659973144531250e-02
4.841566085815429688e-02
3.930020332336425781e-02
5.350065231323242188e-02
4.573345184326171875e-02
5.826997756958007812e-02
3.979182243347167969e-02
4.777979850769042969e-02
4.607295989990234375e-02
3.099870681762695312e-02
4.577946662902832031e-02
4.333567619323730469e-02
4.487228393554687500e-02
4.486846923828125000e-02
4.776954650878906250e-02
4.311561584472656250e-02
5.181264877319335938e-02
4.209327697753906250e-02
4.036402702331542969e-02
4.557895660400390625e-02
4.809165000915527344e-02
3.973317146301269531e-02
4.677557945251464844e-02
4.519939422607421875e-02
4.543638229370117188e-02
5.395245552062988281e-02
3.920960426330566406e-02
4.860877990722656250e-02
4.786920547485351562e-02
4.648065567016601562e-02
3.918004035949707031e-02
5.056619644165039062e-02
4.834079742431640625e-02
4.013609886169433594e-02
4.596233367919921875e-02
4.229998588562011719e-02
3.729939460754394531e-02
5.155634880065917969e-02
3.814864158630371094e-02
4.876804351806640625e-02
4.182958602905273438e-02
4.588675498962402344e-02
4.927039146423339844e-02
4.849958419799804688e-02
4.100203514099121094e-02
3.877019882202148438e-02
5.792903900146484375e-02
4.621934890747070312e-02
4.184556007385253906e-02
4.882574081420898438e-02
4.597377777099609375e-02
4.890084266662597656e-02
4.504251480102539062e-02
4.930949211120605469e-02
4.368686676025390625e-02
4.338645935058593750e-02
5.123758316040039062e-02
4.533076286315917969e-02
3.656029701232910156e-02
4.161024093627929688e-02
4.813361167907714844e-02
4.164075851440429688e-02
3.912043571472167969e-02
3.962111473083496094e-02
3.309774398803710938e-02
4.560446739196777344e-02
4.539489746093750000e-02
5.226087570190429688e-02
4.050636291503906250e-02
4.989361763000488281e-02
5.209779739379882812e-02
4.292821884155273438e-02
4.212784767150878906e-02
4.132056236267089844e-02
4.689192771911621094e-02
4.235625267028808594e-02
4.672122001647949219e-02
4.783868789672851562e-02
4.499316215515136719e-02
4.851484298706054688e-02
3.960561752319335938e-02
3.820228576660156250e-02
5.139136314392089844e-02
4.705619812011718750e-02
4.190683364868164062e-02
4.803681373596191406e-02
4.181694984436035156e-02
3.959274291992187500e-02
4.409050941467285156e-02
4.907178878784179688e-02
4.500126838684082031e-02
5.142498016357421875e-02
5.703210830688476562e-02
4.619121551513671875e-02
4.403924942016601562e-02
5.023217201232910156e-02
6.011509895324707031e-02
5.240273475646972656e-02
4.614186286926269531e-02
4.579186439514160156e-02
4.167985916137695312e-02
3.788042068481445312e-02
4.165482521057128906e-02
4.200100898742675781e-02
4.395151138305664062e-02
4.607105255126953125e-02
4.987955093383789062e-02
4.017972946166992188e-02
4.368114471435546875e-02
4.162406921386718750e-02
4.165196418762207031e-02
4.900336265563964844e-02
4.437994956970214844e-02
5.140161514282226562e-02
4.401397705078125000e-02
4.517054557800292969e-02
4.834794998168945312e-02
3.972887992858886719e-02
5.200314521789550781e-02
4.365968704223632812e-02
4.293823242187500000e-02
5.246639251708984375e-02
4.147386550903320312e-02
4.700517654418945312e-02
3.445053100585937500e-02
3.794670104980468750e-02
5.031991004943847656e-02
5.346632003784179688e-02
3.657746315002441406e-02
4.282474517822265625e-02
4.635953903198242188e-02
4.514575004577636719e-02
4.045462608337402344e-02
4.009008407592773438e-02
4.621338844299316406e-02
4.413557052612304688e-02
4.872226715087890625e-02
4.648065567016601562e-02
4.125547409057617188e-02
3.891944885253906250e-02
4.746437072753906250e-02
4.021549224853515625e-02
4.792308807373046875e-02
5.026888847351074219e-02
5.039739608764648438e-02
4.637813568115234375e-02
5.222702026367187500e-02
5.045938491821289062e-02
4.146957397460937500e-02
4.029560089111328125e-02
4.152607917785644531e-02
4.661178588867187500e-02
5.154705047607421875e-02
4.608321189880371094e-02
4.057097434997558594e-02
4.363059997558593750e-02
5.423092842102050781e-02
4.113888740539550781e-02
5.093145370483398438e-02
5.008602142333984375e-02
4.036521911621093750e-02
4.392027854919433594e-02
4.497337341308593750e-02
3.862452507019042969e-02
4.036951065063476562e-02
4.282045364379882812e-02
4.600739479064941406e-02
4.379343986511230469e-02
4.799985885620117188e-02
3.715276718139648438e-02
4.973936080932617188e-02
4.088878631591796875e-02
4.523754119873046875e-02
4.691839218139648438e-02
4.055166244506835938e-02
4.183435440063476562e-02
3.152561187744140625e-02
5.031943321228027344e-02
4.156160354614257812e-02
4.604840278625488281e-02
4.175329208374023438e-02
5.521416664123535156e-02
3.846168518066406250e-02
4.886817932128906250e-02
4.796028137207031250e-02
4.541420936584472656e-02
3.825283050537109375e-02
4.493808746337890625e-02
4.962038993835449219e-02
4.350662231445312500e-02
5.139684677124023438e-02
3.968763351440429688e-02
4.895043373107910156e-02
4.988574981689453125e-02
3.360462188720703125e-02
3.979015350341796875e-02
3.927469253540039062e-02
4.697799682617187500e-02
2.778267860412597656e-02
4.441690444946289062e-02
5.369663238525390625e-02
5.156922340393066406e-02
4.350709915161132812e-02
4.069113731384277344e-02
4.153323173522949219e-02
4.428601264953613281e-02
4.255723953247070312e-02
4.032063484191894531e-02
4.710865020751953125e-02
4.337406158447265625e-02
4.822444915771484375e-02
4.798197746276855469e-02
4.012799263000488281e-02
4.025006294250488281e-02
5.326914787292480469e-02
4.391384124755859375e-02
5.448198318481445312e-02
4.481196403503417969e-02
4.869914054870605469e-02
5.034828186035156250e-02
4.235458374023437500e-02
3.505301475524902344e-02
4.833245277404785156e-02
5.683374404907226562e-02
5.030989646911621094e-02
3.968000411987304688e-02
4.059720039367675781e-02
5.235934257507324219e-02
5.032157897949218750e-02
5.102658271789550781e-02
4.251122474670410156e-02
4.795455932617187500e-02
4.133367538452148438e-02
4.821252822875976562e-02
4.548120498657226562e-02
5.023741722106933594e-02
4.838585853576660156e-02
4.216599464416503906e-02
5.009961128234863281e-02
5.185627937316894531e-02
4.959726333618164062e-02
4.995727539062500000e-02
4.219913482666015625e-02
4.558086395263671875e-02
4.125833511352539062e-02
4.169178009033203125e-02
4.533600807189941406e-02
4.880261421203613281e-02
3.560590744018554688e-02
4.421615600585937500e-02
4.345154762268066406e-02
4.501366615295410156e-02
5.170989036560058594e-02
5.022525787353515625e-02
4.854869842529296875e-02
5.133748054504394531e-02
4.174470901489257812e-02
4.173541069030761719e-02
4.486274719238281250e-02
5.213928222656250000e-02
3.557896614074707031e-02
4.854774475097656250e-02
5.189132690429687500e-02
5.017328262329101562e-02
4.005002975463867188e-02
5.122494697570800781e-02
4.920029640197753906e-02
3.964066505432128906e-02
4.811692237854003906e-02
4.843831062316894531e-02
5.183792114257812500e-02
3.733181953430175781e-02
4.556536674499511719e-02
4.729104042053222656e-02
4.817581176757812500e-02
4.961800575256347656e-02
4.557228088378906250e-02
3.814005851745605469e-02
4.973244667053222656e-02
4.832220077514648438e-02
4.790043830871582031e-02
4.870891571044921875e-02
2.855157852172851562e-02
3.457045555114746094e-02
5.033469200134277344e-02
4.379630088806152344e-02
4.689550399780273438e-02
3.840279579162597656e-02
4.556894302368164062e-02
5.137276649475097656e-02
5.027627944946289062e-02
4.271435737609863281e-02
5.182027816772460938e-02
4.020142555236816406e-02
5.127310752868652344e-02
5.088686943054199219e-02
4.513311386108398438e-02
4.032015800476074219e-02
4.871892929077148438e-02
4.601240158081054688e-02
4.026913642883300781e-02
4.086279869079589844e-02
4.102420806884765625e-02
5.190992355346679688e-02
4.178643226623535156e-02
4.963684082031250000e-02
4.716205596923828125e-02
5.925464630126953125e-02
4.647636413574218750e-02
3.987455368041992188e-02
4.803395271301269531e-02
5.183386802673339844e-02
4.586052894592285156e-02
5.149149894714355469e-02
4.076647758483886719e-02
5.223393440246582031e-02
5.704402923583984375e-02
4.814767837524414062e-02
5.171728134155273438e-02
4.008579254150390625e-02
4.437446594238281250e-02
4.299545288085937500e-02
3.800988197326660156e-02
3.964591026306152344e-02
5.523777008056640625e-02
4.516839981079101562e-02
4.383754730224609375e-02
4.450583457946777344e-02
3.395915031433105469e-02
4.071807861328125000e-02
5.261015892028808594e-02
4.642200469970703125e-02
3.942179679870605469e-02
4.076886177062988281e-02
4.062223434448242188e-02
6.196689605712890625e-02
4.147958755493164062e-02
4.415726661682128906e-02
5.312967300415039062e-02
5.053067207336425781e-02
4.530501365661621094e-02
6.033420562744140625e-02
4.506540298461914062e-02
5.842280387878417969e-02
4.515480995178222656e-02
5.223059654235839844e-02
4.267740249633789062e-02
3.987598419189453125e-02
3.961229324340820312e-02
2.547526359558105469e-02
3.792262077331542969e-02
5.185413360595703125e-02
3.817224502563476562e-02
5.182456970214843750e-02
4.915690422058105469e-02
4.824185371398925781e-02
4.631567001342773438e-02
4.416370391845703125e-02
4.354238510131835938e-02
4.936552047729492188e-02
3.800725936889648438e-02
4.803490638732910156e-02
3.999781608581542969e-02
5.142545700073242188e-02
4.410290718078613281e-02
5.072903633117675781e-02
4.454493522644042969e-02
4.179453849792480469e-02
4.779696464538574219e-02
4.175662994384765625e-02
4.971623420715332031e-02
4.277873039245605469e-02
5.950045585632324219e-02
4.685616493225097656e-02
5.314278602600097656e-02
4.616737365722656250e-02
3.919959068298339844e-02
4.326725006103515625e-02
5.194592475891113281e-02
4.151415824890136719e-02
4.561495780944824219e-02
4.846310615539550781e-02
4.002356529235839844e-02
4.012346267700195312e-02
4.757261276245117188e-02
5.187654495239257812e-02
5.955433845520019531e-02
5.009150505065917969e-02
4.226827621459960938e-02
4.128599166870117188e-02
4.805088043212890625e-02
4.968571662902832031e-02
5.179095268249511719e-02
5.186462402343750000e-02
4.555106163024902344e-02
4.838895797729492188e-02
5.056118965148925781e-02
4.710793495178222656e-02
4.885911941528320312e-02
3.997826576232910156e-02
4.130887985229492188e-02
5.368757247924804688e-02
5.264186859130859375e-02
5.154752731323242188e-02
5.057740211486816406e-02
4.567956924438476562e-02
4.285335540771484375e-02
4.756140708923339844e-02
4.890871047973632812e-02
4.654383659362792969e-02
5.024456977844238281e-02
4.591846466064453125e-02
4.129791259765625000e-02
4.640698432922363281e-02
5.064892768859863281e-02
4.948067665100097656e-02
3.845262527465820312e-02
4.763531684875488281e-02
5.247187614440917969e-02
3.837561607360839844e-02
4.620504379272460938e-02
4.741883277893066406e-02
3.803873062133789062e-02
5.018758773803710938e-02
4.537391662597656250e-02
3.987407684326171875e-02
4.074287414550781250e-02
5.571269989013671875e-02
4.365324974060058594e-02
3.946089744567871094e-02
4.248332977294921875e-02
4.550027847290039062e-02
4.385566711425781250e-02
4.125452041625976562e-02
5.166983604431152344e-02
4.794239997863769531e-02
5.253934860229492188e-02
4.993629455566406250e-02
5.181241035461425781e-02
4.543924331665039062e-02
4.504632949829101562e-02
4.106903076171875000e-02
5.453968048095703125e-02
3.978443145751953125e-02
4.524898529052734375e-02
4.209470748901367188e-02
4.594540596008300781e-02
5.118203163146972656e-02
4.014611244201660156e-02
5.260872840881347656e-02
4.058575630187988281e-02
3.982138633728027344e-02
4.744720458984375000e-02
4.222679138183593750e-02
5.452013015747070312e-02
4.446363449096679688e-02
5.213856697082519531e-02
4.647684097290039062e-02
4.024219512939453125e-02
4.477071762084960938e-02
4.741048812866210938e-02
4.838585853576660156e-02
3.836965560913085938e-02
4.557538032531738281e-02
5.002260208129882812e-02
4.492568969726562500e-02
5.486345291137695312e-02
5.141353607177734375e-02
4.297304153442382812e-02
4.363226890563964844e-02
3.946685791015625000e-02
4.178500175476074219e-02
4.452633857727050781e-02
4.064798355102539062e-02
4.222154617309570312e-02
4.797935485839843750e-02
4.364895820617675781e-02
4.052901268005371094e-02
4.071021080017089844e-02
5.081009864807128906e-02
5.420875549316406250e-02
4.817008972167968750e-02
5.111074447631835938e-02
4.028034210205078125e-02
5.088162422180175781e-02
4.005432128906250000e-02
4.216909408569335938e-02
4.085516929626464844e-02
4.284548759460449219e-02
4.376268386840820312e-02
4.094099998474121094e-02
4.631829261779785156e-02
5.142378807067871094e-02
4.044222831726074219e-02
4.641413688659667969e-02
4.444670677185058594e-02
4.823899269104003906e-02
4.739785194396972656e-02
4.261112213134765625e-02
5.210709571838378906e-02
5.132198333740234375e-02
3.466391563415527344e-02
1.698184013366699219e-02
3.614616394042968750e-02
5.288028717041015625e-02
4.854202270507812500e-02
5.583214759826660156e-02
4.009771347045898438e-02
4.247331619262695312e-02
4.917740821838378906e-02
4.114556312561035156e-02
4.564619064331054688e-02
5.005288124084472656e-02
4.404425621032714844e-02
4.760336875915527344e-02
4.509592056274414062e-02
4.602241516113281250e-02
5.239510536193847656e-02
5.034160614013671875e-02
5.052733421325683594e-02
4.081940650939941406e-02
4.401373863220214844e-02
3.970599174499511719e-02
4.479312896728515625e-02
4.639244079589843750e-02
4.364919662475585938e-02
5.169224739074707031e-02
4.074072837829589844e-02
3.750252723693847656e-02
3.760600090026855469e-02
4.049634933471679688e-02
4.166412353515625000e-02
4.564952850341796875e-02
4.376006126403808594e-02
4.033088684082031250e-02
4.971194267272949219e-02
4.472160339355468750e-02
5.190134048461914062e-02
4.953002929687500000e-02
4.668807983398437500e-02
2.969932556152343750e-02
4.736876487731933594e-02
4.848837852478027344e-02
4.088807106018066406e-02
4.401946067810058594e-02
5.061221122741699219e-02
4.655957221984863281e-02
4.511308670043945312e-02
4.203772544860839844e-02
4.015302658081054688e-02
4.639124870300292969e-02
4.361534118652343750e-02
4.948782920837402344e-02
4.053759574890136719e-02
3.987050056457519531e-02
4.486107826232910156e-02
5.190515518188476562e-02
3.983664512634277344e-02
4.450774192810058594e-02
4.927897453308105469e-02
4.342269897460937500e-02
4.342055320739746094e-02
4.153633117675781250e-02
4.150581359863281250e-02
4.721927642822265625e-02
4.828190803527832031e-02
4.147434234619140625e-02
4.239392280578613281e-02
4.384398460388183594e-02
4.554629325866699219e-02
4.994034767150878906e-02
3.547811508178710938e-02
4.250168800354003906e-02
5.139207839965820312e-02
4.195141792297363281e-02
4.323434829711914062e-02
4.013013839721679688e-02
3.745698928833007812e-02
5.716466903686523438e-02
5.173611640930175781e-02
4.312634468078613281e-02
5.005645751953125000e-02
5.047321319580078125e-02
3.592205047607421875e-02
4.538536071777343750e-02
4.525113105773925781e-02
5.349802970886230469e-02
4.638099670410156250e-02
4.100489616394042969e-02
3.838062286376953125e-02
4.952692985534667969e-02
4.180812835693359375e-02
5.414080619812011719e-02
4.819011688232421875e-02
4.982042312622070312e-02
3.940868377685546875e-02
4.213953018188476562e-02
4.096579551696777344e-02
4.988026618957519531e-02
4.228830337524414062e-02
4.110169410705566406e-02
4.618644714355468750e-02
5.202817916870117188e-02
4.632353782653808594e-02
4.487228393554687500e-02
3.957653045654296875e-02
5.296087265014648438e-02
4.229998588562011719e-02
4.073596000671386719e-02
3.990340232849121094e-02
4.504108428955078125e-02
4.628562927246093750e-02
4.966664314270019531e-02
4.467988014221191406e-02
4.836416244506835938e-02
5.334997177124023438e-02
4.811358451843261719e-02
4.405188560485839844e-02
5.256342887878417969e-02
5.396366119384765625e-02
4.026246070861816406e-02
5.031561851501464844e-02
3.941655158996582031e-02
4.841613769531250000e-02
4.591941833496093750e-02
3.983736038208007812e-02
5.071973800659179688e-02
4.698133468627929688e-02
4.831123352050781250e-02
4.252052307128906250e-02
4.393649101257324219e-02
4.205965995788574219e-02
4.801726341247558594e-02
4.341840744018554688e-02
5.544281005859375000e-02
4.996514320373535156e-02
4.105496406555175781e-02
3.301453590393066406e-02
3.830957412719726562e-02
4.109621047973632812e-02
4.871153831481933594e-02
4.409766197204589844e-02
5.547118186950683594e-02
5.719280242919921875e-02
3.921270370483398438e-02
4.056453704833984375e-02
5.045437812805175781e-02
4.536461830139160156e-02
4.853177070617675781e-02
4.572319984436035156e-02
3.639554977416992188e-02
4.240131378173828125e-02
4.459643363952636719e-02
4.367470741271972656e-02
4.759407043457031250e-02
5.051255226135253906e-02
4.571270942687988281e-02
5.013561248779296875e-02
4.662132263183593750e-02
4.833650588989257812e-02
5.115771293640136719e-02
4.671430587768554688e-02
3.811979293823242188e-02
4.927039146423339844e-02
4.744791984558105469e-02
4.832005500793457031e-02
5.242443084716796875e-02
4.562020301818847656e-02
5.222487449645996094e-02
4.285407066345214844e-02
2.990627288818359375e-02
4.801940917968750000e-02
4.382991790771484375e-02
4.972982406616210938e-02
4.772782325744628906e-02
5.024528503417968750e-02
4.010128974914550781e-02
4.389023780822753906e-02
4.627633094787597656e-02
5.460214614868164062e-02
4.323744773864746094e-02
5.086827278137207031e-02
4.027628898620605469e-02
3.279376029968261719e-02
5.235362052917480469e-02
4.197669029235839844e-02
4.819440841674804688e-02
5.147790908813476562e-02
4.026293754577636719e-02
4.376649856567382812e-02
4.871034622192382812e-02
4.488134384155273438e-02
4.471373558044433594e-02
4.166889190673828125e-02
4.494643211364746094e-02
4.436707496643066406e-02
4.858851432800292969e-02
4.923391342163085938e-02
4.540753364562988281e-02
4.433631896972656250e-02
4.756140708923339844e-02
4.983520507812500000e-02
4.318118095397949219e-02
4.507088661193847656e-02
3.915381431579589844e-02
4.334950447082519531e-02
5.033969879150390625e-02
3.897666931152343750e-02
4.874444007873535156e-02
4.523539543151855469e-02
5.214929580688476562e-02
5.233931541442871094e-02
4.564809799194335938e-02
4.756593704223632812e-02
4.369187355041503906e-02
4.861855506896972656e-02
4.043340682983398438e-02
4.598450660705566406e-02
3.673934936523437500e-02
4.651141166687011719e-02
5.167865753173828125e-02
4.176330566406250000e-02
4.800868034362792969e-02
4.615616798400878906e-02
5.256962776184082031e-02
3.979945182800292969e-02
4.576563835144042969e-02
4.582428932189941406e-02
4.798221588134765625e-02
4.145669937133789062e-02
4.527306556701660156e-02
4.897332191467285156e-02
4.912352561950683594e-02
3.836178779602050781e-02
4.104304313659667969e-02
3.324747085571289062e-02
4.876279830932617188e-02
4.975152015686035156e-02
4.913973808288574219e-02
4.642701148986816406e-02
4.410719871520996094e-02
4.037451744079589844e-02
4.951953887939453125e-02
4.379749298095703125e-02
4.924941062927246094e-02
4.731798171997070312e-02
4.190039634704589844e-02
4.379367828369140625e-02
5.500769615173339844e-02
4.449820518493652344e-02
3.998565673828125000e-02
4.315662384033203125e-02
3.758668899536132812e-02
4.072880744934082031e-02
5.402135848999023438e-02
3.972244262695312500e-02
4.755163192749023438e-02
3.634190559387207031e-02
3.719305992126464844e-02
4.775595664978027344e-02
4.228949546813964844e-02
5.054807662963867188e-02
5.052828788757324219e-02
4.966378211975097656e-02
5.155396461486816406e-02
3.538751602172851562e-02
4.438042640686035156e-02
4.018425941467285156e-02
4.609942436218261719e-02
4.730844497680664062e-02
4.496526718139648438e-02
3.416442871093750000e-02
2.522850036621093750e-02
4.346656799316406250e-02
4.422879219055175781e-02
4.655861854553222656e-02
4.970932006835937500e-02
3.790521621704101562e-02
3.861474990844726562e-02
4.510450363159179688e-02
4.072117805480957031e-02
4.624199867248535156e-02
4.396581649780273438e-02
3.761816024780273438e-02
5.391860008239746094e-02
4.900217056274414062e-02
4.039859771728515625e-02
4.569816589355468750e-02
3.851437568664550781e-02
4.798841476440429688e-02
5.634570121765136719e-02
4.792618751525878906e-02
4.634714126586914062e-02
4.665374755859375000e-02
4.411697387695312500e-02
5.605745315551757812e-02
4.123878479003906250e-02
4.949331283569335938e-02
5.140376091003417969e-02
4.481196403503417969e-02
4.289102554321289062e-02
4.045915603637695312e-02
5.235886573791503906e-02
4.222869873046875000e-02
4.225707054138183594e-02
4.210352897644042969e-02
4.799413681030273438e-02
5.001235008239746094e-02
4.508781433105468750e-02
4.847621917724609375e-02
3.953552246093750000e-02
4.692339897155761719e-02
4.822111129760742188e-02
5.055427551269531250e-02
4.364371299743652344e-02
5.173277854919433594e-02
4.849362373352050781e-02
4.062938690185546875e-02
5.510020256042480469e-02
3.614354133605957031e-02
3.415584564208984375e-02
3.952288627624511719e-02
4.832172393798828125e-02
4.848027229309082031e-02
4.788637161254882812e-02
4.040956497192382812e-02
4.523158073425292969e-02
3.992724418640136719e-02
4.141497611999511719e-02
4.306554794311523438e-02
4.965853691101074219e-02
4.087781906127929688e-02
4.149937629699707031e-02
5.379605293273925781e-02
5.025339126586914062e-02
4.779458045959472656e-02
4.232883453369140625e-02
4.827284812927246094e-02
5.148696899414062500e-02
5.121898651123046875e-02
2.794432640075683594e-02
4.182100296020507812e-02
