4.040143489837646484e-01
3.939270973205566406e-02
3.007149696350097656e-02
2.984666824340820312e-02
3.450918197631835938e-02
2.969384193420410156e-02
3.700017929077148438e-02
3.017783164978027344e-02
1.990962028503417969e-02
2.702212333679199219e-02
2.737331390380859375e-02
2.572607994079589844e-02
3.477072715759277344e-02
2.488422393798828125e-02
2.421045303344726562e-02
1.809239387512207031e-02
8.096694946289062500e-03
2.041506767272949219e-02
3.626418113708496094e-02
3.160023689270019531e-02
1.439833641052246094e-02
2.023839950561523438e-02
3.110289573669433594e-02
2.472710609436035156e-02
1.446962356567382812e-02
1.617169380187988281e-02
2.974629402160644531e-02
3.032708168029785156e-02
1.991724967956542969e-02
1.866364479064941406e-02
1.761078834533691406e-02
1.710176467895507812e-02
3.885674476623535156e-02
2.150201797485351562e-02
3.866171836853027344e-02
8.831739425659179688e-03
1.679587364196777344e-02
3.961014747619628906e-02
2.741169929504394531e-02
3.863048553466796875e-02
3.761243820190429688e-02
2.957439422607421875e-02
2.363777160644531250e-02
2.022528648376464844e-02
2.180862426757812500e-02
1.891636848449707031e-02
2.896451950073242188e-02
3.603529930114746094e-02
1.762080192565917969e-02
1.596736907958984375e-02
2.296876907348632812e-02
2.711939811706542969e-02
2.239036560058593750e-02
3.935480117797851562e-02
2.521300315856933594e-02
2.013921737670898438e-02
1.736187934875488281e-02
3.890109062194824219e-02
4.164719581604003906e-02
5.070066452026367188e-02
3.741908073425292969e-02
5.167913436889648438e-02
3.118944168090820312e-02
4.421687126159667969e-02
4.703164100646972656e-02
4.381346702575683594e-02
3.827047348022460938e-02
2.879309654235839844e-02
1.438403129577636719e-02
1.648688316345214844e-02
1.554393768310546875e-02
1.888513565063476562e-02
1.519608497619628906e-02
2.047586441040039062e-02
1.435852050781250000e-02
1.691603660583496094e-02
2.011847496032714844e-02
3.145694732666015625e-02
2.425169944763183594e-02
8.733987808227539062e-03
1.270866394042968750e-02
4.017591476440429688e-02
3.310966491699218750e-02
3.978919982910156250e-02
1.432657241821289062e-02
1.888704299926757812e-02
1.882767677307128906e-02
1.869463920593261719e-02
2.139711380004882812e-02
3.957557678222656250e-02
4.037332534790039062e-02
2.785515785217285156e-02
2.747964859008789062e-02
1.053738594055175781e-02
1.537084579467773438e-02
1.717114448547363281e-02
1.915073394775390625e-02
3.305101394653320312e-02
1.009654998779296875e-02
1.577496528625488281e-02
2.826404571533203125e-02
3.648543357849121094e-02
3.001856803894042969e-02
2.231502532958984375e-02
1.540803909301757812e-02
2.084898948669433594e-02
1.104497909545898438e-02
1.730513572692871094e-02
1.765322685241699219e-02
1.536393165588378906e-02
1.321506500244140625e-02
1.626324653625488281e-02
3.249692916870117188e-02
3.458595275878906250e-02
1.572871208190917969e-02
3.739070892333984375e-02
3.418302536010742188e-02
2.520585060119628906e-02
2.878284454345703125e-02
1.245403289794921875e-02
1.471185684204101562e-02
2.019500732421875000e-02
3.958344459533691406e-02
3.165221214294433594e-02
5.125308036804199219e-02
2.802038192749023438e-02
3.630709648132324219e-02
3.084468841552734375e-02
1.668286323547363281e-02
1.805353164672851562e-02
2.978038787841796875e-02
3.153824806213378906e-02
2.460503578186035156e-02
2.406620979309082031e-02
1.749944686889648438e-02
2.136111259460449219e-02
2.509188652038574219e-02
2.012467384338378906e-02
3.183126449584960938e-02
2.941370010375976562e-02
2.591204643249511719e-02
1.294469833374023438e-02
2.216339111328125000e-02
3.303408622741699219e-02
1.834726333618164062e-02
6.324958801269531250e-02
5.813217163085937500e-02
2.370977401733398438e-02
2.512979507446289062e-02
2.011561393737792969e-02
2.567911148071289062e-02
1.796483993530273438e-02
2.243685722351074219e-02
2.699804306030273438e-02
2.045130729675292969e-02
1.964807510375976562e-02
1.888108253479003906e-02
2.123713493347167969e-02
1.755046844482421875e-02
1.631736755371093750e-02
1.285982131958007812e-02
1.027703285217285156e-02
8.854389190673828125e-03
1.635456085205078125e-02
2.108073234558105469e-02
1.888084411621093750e-02
8.055448532104492188e-03
1.250982284545898438e-02
1.805210113525390625e-02
8.619308471679687500e-03
1.370215415954589844e-02
1.557135581970214844e-02
1.006531715393066406e-02
1.645231246948242188e-02
1.548933982849121094e-02
1.356911659240722656e-02
1.801800727844238281e-02
2.362513542175292969e-02
2.815222740173339844e-02
1.253199577331542969e-02
9.505033493041992188e-03
3.010702133178710938e-02
9.231805801391601562e-03
1.736521720886230469e-02
1.938557624816894531e-02
1.976513862609863281e-02
1.967906951904296875e-02
1.981234550476074219e-02
1.557683944702148438e-02
1.637148857116699219e-02
1.141095161437988281e-02
1.735138893127441406e-02
2.016401290893554688e-02
1.837992668151855469e-02
1.912331581115722656e-02
2.429461479187011719e-02
2.869343757629394531e-02
2.023792266845703125e-02
8.282661437988281250e-03
1.782989501953125000e-02
1.679754257202148438e-02
2.052497863769531250e-02
5.055522918701171875e-02
2.445554733276367188e-02
2.011179924011230469e-02
2.194786071777343750e-02
8.267879486083984375e-03
1.547026634216308594e-02
1.169204711914062500e-02
1.731252670288085938e-02
3.579640388488769531e-02
1.644396781921386719e-02
2.393865585327148438e-02
1.694202423095703125e-02
3.594827651977539062e-02
5.996799468994140625e-02
2.972030639648437500e-02
2.554464340209960938e-02
3.407549858093261719e-02
2.801656723022460938e-02
3.067421913146972656e-02
3.459978103637695312e-02
1.605248451232910156e-02
3.287672996520996094e-02
3.848314285278320312e-02
3.304147720336914062e-02
4.095339775085449219e-02
2.662467956542968750e-02
4.012489318847656250e-02
1.921749114990234375e-02
3.301167488098144531e-02
3.899574279785156250e-02
2.688360214233398438e-02
1.929473876953125000e-02
1.971769332885742188e-02
1.905131340026855469e-02
2.148914337158203125e-02
2.004408836364746094e-02
2.023506164550781250e-02
1.723289489746093750e-02
2.291750907897949219e-02
1.989388465881347656e-02
1.880216598510742188e-02
1.876997947692871094e-02
1.921939849853515625e-02
2.740693092346191406e-02
2.132940292358398438e-02
1.795196533203125000e-02
1.985478401184082031e-02
1.991462707519531250e-02
2.357244491577148438e-02
2.259993553161621094e-02
1.988267898559570312e-02
2.481889724731445312e-02
1.959300041198730469e-02
2.363681793212890625e-02
2.005624771118164062e-02
2.432966232299804688e-02
1.960277557373046875e-02
1.695394515991210938e-02
1.347208023071289062e-02
3.231549263000488281e-02
2.074575424194335938e-02
1.869750022888183594e-02
2.310204505920410156e-02
2.226996421813964844e-02
1.674914360046386719e-02
1.910567283630371094e-02
1.666927337646484375e-02
3.154444694519042969e-02
1.802706718444824219e-02
1.809024810791015625e-02
2.446794509887695312e-02
1.998996734619140625e-02
2.280950546264648438e-02
1.659774780273437500e-02
1.779294013977050781e-02
2.290248870849609375e-02
1.868224143981933594e-02
1.863169670104980469e-02
2.408289909362792969e-02
2.000045776367187500e-02
2.157378196716308594e-02
2.146649360656738281e-02
2.364444732666015625e-02
2.300548553466796875e-02
1.837944984436035156e-02
2.506685256958007812e-02
1.907515525817871094e-02
2.761292457580566406e-02
1.375436782836914062e-02
1.757979393005371094e-02
2.236962318420410156e-02
3.333020210266113281e-02
2.154350280761718750e-02
2.195167541503906250e-02
1.490354537963867188e-02
2.085137367248535156e-02
1.608443260192871094e-02
1.425790786743164062e-02
1.908588409423828125e-02
3.153228759765625000e-02
2.035355567932128906e-02
1.899671554565429688e-02
1.627349853515625000e-02
2.940082550048828125e-02
2.023983001708984375e-02
1.988267898559570312e-02
2.684664726257324219e-02
2.148413658142089844e-02
2.136993408203125000e-02
1.815605163574218750e-02
2.156043052673339844e-02
1.726746559143066406e-02
2.179169654846191406e-02
1.993465423583984375e-02
3.414893150329589844e-02
2.397704124450683594e-02
4.100775718688964844e-02
2.822828292846679688e-02
1.751947402954101562e-02
2.530765533447265625e-02
1.980495452880859375e-02
3.195500373840332031e-02
2.872872352600097656e-02
2.967047691345214844e-02
4.994773864746093750e-02
4.529047012329101562e-02
5.064010620117187500e-02
5.151486396789550781e-02
4.933142662048339844e-02
5.325102806091308594e-02
5.430340766906738281e-02
5.295681953430175781e-02
5.571484565734863281e-02
5.238080024719238281e-02
5.763936042785644531e-02
6.164264678955078125e-02
5.286431312561035156e-02
5.853152275085449219e-02
6.060624122619628906e-02
5.059123039245605469e-02
5.001115798950195312e-02
5.803346633911132812e-02
5.440473556518554688e-02
6.064605712890625000e-02
5.015659332275390625e-02
4.877281188964843750e-02
5.049586296081542969e-02
4.578185081481933594e-02
4.570102691650390625e-02
5.453181266784667969e-02
4.787445068359375000e-02
5.208539962768554688e-02
6.611466407775878906e-02
4.445505142211914062e-02
4.607629776000976562e-02
6.260657310485839844e-02
5.028343200683593750e-02
4.251742362976074219e-02
5.075502395629882812e-02
4.650807380676269531e-02
4.302501678466796875e-02
4.659199714660644531e-02
5.402064323425292969e-02
6.162428855895996094e-02
4.377269744873046875e-02
5.995106697082519531e-02
4.190683364868164062e-02
5.563807487487792969e-02
5.866098403930664062e-02
4.176998138427734375e-02
5.063605308532714844e-02
4.795026779174804688e-02
4.780626296997070312e-02
4.819345474243164062e-02
5.192732810974121094e-02
4.683160781860351562e-02
4.943990707397460938e-02
5.011630058288574219e-02
5.040526390075683594e-02
5.415248870849609375e-02
5.555415153503417969e-02
4.503202438354492188e-02
5.103254318237304688e-02
5.965375900268554688e-02
5.238270759582519531e-02
4.902029037475585938e-02
6.106042861938476562e-02
5.245089530944824219e-02
5.438661575317382812e-02
6.359386444091796875e-02
4.911303520202636719e-02
4.789113998413085938e-02
5.451536178588867188e-02
4.814267158508300781e-02
4.954576492309570312e-02
4.794001579284667969e-02
5.749225616455078125e-02
6.154417991638183594e-02
6.344842910766601562e-02
5.328178405761718750e-02
5.779671669006347656e-02
5.525135993957519531e-02
5.074930191040039062e-02
4.975867271423339844e-02
4.928970336914062500e-02
5.788302421569824219e-02
5.283188819885253906e-02
6.437945365905761719e-02
4.423809051513671875e-02
4.515576362609863281e-02
4.820919036865234375e-02
5.573773384094238281e-02
6.730628013610839844e-02
5.711150169372558594e-02
4.840946197509765625e-02
4.719185829162597656e-02
4.984116554260253906e-02
5.283665657043457031e-02
4.874515533447265625e-02
4.337453842163085938e-02
5.742478370666503906e-02
5.468940734863281250e-02
4.812073707580566406e-02
4.800629615783691406e-02
3.966999053955078125e-02
3.608465194702148438e-02
4.358458518981933594e-02
5.298066139221191406e-02
4.428577423095703125e-02
4.749560356140136719e-02
5.880904197692871094e-02
5.302405357360839844e-02
4.381418228149414062e-02
5.835890769958496094e-02
6.044864654541015625e-02
5.241441726684570312e-02
5.222725868225097656e-02
6.424689292907714844e-02
5.017375946044921875e-02
6.243515014648437500e-02
4.135251045227050781e-02
4.775214195251464844e-02
6.111836433410644531e-02
4.505443572998046875e-02
5.019950866699218750e-02
4.250431060791015625e-02
5.679035186767578125e-02
4.731607437133789062e-02
5.313134193420410156e-02
5.813479423522949219e-02
5.814838409423828125e-02
4.157352447509765625e-02
5.912017822265625000e-02
4.896283149719238281e-02
4.500532150268554688e-02
6.229114532470703125e-02
5.021882057189941406e-02
5.029034614562988281e-02
5.837607383728027344e-02
4.786443710327148438e-02
5.416631698608398438e-02
6.776762008666992188e-02
6.401491165161132812e-02
5.199861526489257812e-02
5.902528762817382812e-02
5.689501762390136719e-02
5.356979370117187500e-02
7.819509506225585938e-02
5.452346801757812500e-02
5.153369903564453125e-02
7.135319709777832031e-02
5.070304870605468750e-02
4.316401481628417969e-02
5.747437477111816406e-02
5.633258819580078125e-02
5.438327789306640625e-02
5.741286277770996094e-02
5.591988563537597656e-02
5.553817749023437500e-02
5.014991760253906250e-02
5.131006240844726562e-02
5.474305152893066406e-02
6.455802917480468750e-02
5.974721908569335938e-02
4.499673843383789062e-02
5.233263969421386719e-02
4.843163490295410156e-02
4.355263710021972656e-02
5.875277519226074219e-02
5.537271499633789062e-02
4.308199882507324219e-02
5.748009681701660156e-02
4.989147186279296875e-02
4.241228103637695312e-02
5.193543434143066406e-02
6.509852409362792969e-02
6.048059463500976562e-02
5.243873596191406250e-02
3.469777107238769531e-02
4.451537132263183594e-02
4.870486259460449219e-02
6.134390830993652344e-02
4.658865928649902344e-02
4.513835906982421875e-02
4.628658294677734375e-02
4.659247398376464844e-02
5.407452583312988281e-02
5.448198318481445312e-02
6.843161582946777344e-02
3.957796096801757812e-02
5.259203910827636719e-02
5.590438842773437500e-02
3.946113586425781250e-02
4.960155487060546875e-02
5.114603042602539062e-02
5.830454826354980469e-02
5.059504508972167969e-02
6.279659271240234375e-02
4.908657073974609375e-02
3.792524337768554688e-02
5.697274208068847656e-02
5.004262924194335938e-02
4.947471618652343750e-02
4.403829574584960938e-02
5.770850181579589844e-02
4.981994628906250000e-02
5.793404579162597656e-02
6.479334831237792969e-02
5.027794837951660156e-02
5.120635032653808594e-02
7.035994529724121094e-02
5.198192596435546875e-02
4.980635643005371094e-02
5.824422836303710938e-02
6.597661972045898438e-02
6.271290779113769531e-02
5.856657028198242188e-02
5.960583686828613281e-02
6.910395622253417969e-02
5.738472938537597656e-02
6.146168708801269531e-02
6.884574890136718750e-02
4.861044883728027344e-02
5.343627929687500000e-02
5.853533744812011719e-02
5.463981628417968750e-02
4.801487922668457031e-02
5.559325218200683594e-02
5.343675613403320312e-02
4.065537452697753906e-02
5.287384986877441406e-02
4.499554634094238281e-02
4.905748367309570312e-02
4.760837554931640625e-02
3.957557678222656250e-02
5.315518379211425781e-02
4.333543777465820312e-02
6.140613555908203125e-02
4.566049575805664062e-02
5.110692977905273438e-02
5.448389053344726562e-02
5.063819885253906250e-02
5.241179466247558594e-02
5.503296852111816406e-02
5.618476867675781250e-02
5.448794364929199219e-02
6.473159790039062500e-02
5.233931541442871094e-02
5.108428001403808594e-02
6.300520896911621094e-02
5.184149742126464844e-02
4.334044456481933594e-02
4.867219924926757812e-02
4.026484489440917969e-02
5.000209808349609375e-02
4.659748077392578125e-02
4.290294647216796875e-02
7.381939888000488281e-02
4.252457618713378906e-02
4.564929008483886719e-02
4.447197914123535156e-02
8.267426490783691406e-02
5.478477478027343750e-02
4.209423065185546875e-02
5.154585838317871094e-02
4.493880271911621094e-02
4.731941223144531250e-02
5.793356895446777344e-02
2.934360504150390625e-02
2.209043502807617188e-02
2.500271797180175781e-02
8.358716964721679688e-03
2.509570121765136719e-02
9.798526763916015625e-03
1.353287696838378906e-02
1.719093322753906250e-02
1.156377792358398438e-02
3.029847145080566406e-02
1.237511634826660156e-02
1.335835456848144531e-02
9.824275970458984375e-03
1.986789703369140625e-02
1.695489883422851562e-02
2.220201492309570312e-02
1.550006866455078125e-02
1.463532447814941406e-02
6.772994995117187500e-03
2.006578445434570312e-02
3.820896148681640625e-02
2.822542190551757812e-02
1.777410507202148438e-02
1.130580902099609375e-02
1.291418075561523438e-02
1.361846923828125000e-02
1.277017593383789062e-02
7.449865341186523438e-03
1.185441017150878906e-02
1.880693435668945312e-02
1.990699768066406250e-02
1.894688606262207031e-02
1.969647407531738281e-02
2.219581604003906250e-02
1.677060127258300781e-02
1.287865638732910156e-02
9.411334991455078125e-03
1.081299781799316406e-02
2.121472358703613281e-02
3.095650672912597656e-02
1.508927345275878906e-02
1.392388343811035156e-02
2.475690841674804688e-02
4.323220252990722656e-02
5.206704139709472656e-02
7.443046569824218750e-02
4.594397544860839844e-02
4.931163787841796875e-02
4.633998870849609375e-02
4.730105400085449219e-02
5.084824562072753906e-02
5.393695831298828125e-02
4.609036445617675781e-02
4.625988006591796875e-02
5.590605735778808594e-02
3.891420364379882812e-02
4.065775871276855469e-02
5.367350578308105469e-02
5.487394332885742188e-02
5.314683914184570312e-02
5.111050605773925781e-02
5.075621604919433594e-02
5.253100395202636719e-02
5.232405662536621094e-02
5.934000015258789062e-02
4.990148544311523438e-02
4.644918441772460938e-02
4.933190345764160156e-02
5.230927467346191406e-02
4.477620124816894531e-02
6.906580924987792969e-02
4.797697067260742188e-02
5.005002021789550781e-02
5.085396766662597656e-02
5.551767349243164062e-02
4.968523979187011719e-02
4.853701591491699219e-02
4.624485969543457031e-02
5.504488945007324219e-02
5.314135551452636719e-02
5.802536010742187500e-02
5.351781845092773438e-02
5.242633819580078125e-02
5.540370941162109375e-02
5.840110778808593750e-02
5.510449409484863281e-02
6.577610969543457031e-02
4.925060272216796875e-02
6.745529174804687500e-02
5.081486701965332031e-02
4.892706871032714844e-02
5.174136161804199219e-02
5.024743080139160156e-02
5.717754364013671875e-02
4.662919044494628906e-02
4.551124572753906250e-02
4.797935485839843750e-02
5.069422721862792969e-02
5.997085571289062500e-02
4.679226875305175781e-02
4.437851905822753906e-02
5.757784843444824219e-02
4.694509506225585938e-02
6.035256385803222656e-02
6.989455223083496094e-02
1.682353019714355469e-02
1.366257667541503906e-02
1.162028312683105469e-02
8.855819702148437500e-03
1.061153411865234375e-02
1.974439620971679688e-02
1.936006546020507812e-02
2.265548706054687500e-02
2.006030082702636719e-02
3.890681266784667969e-02
2.603244781494140625e-02
1.092529296875000000e-02
9.499788284301757812e-03
2.233886718750000000e-02
1.932072639465332031e-02
1.612448692321777344e-02
1.391553878784179688e-02
3.107810020446777344e-02
3.061866760253906250e-02
3.506827354431152344e-02
1.010704040527343750e-02
8.697032928466796875e-03
2.193045616149902344e-02
2.004742622375488281e-02
2.461147308349609375e-02
1.298308372497558594e-02
2.640032768249511719e-02
2.259874343872070312e-02
1.997137069702148438e-02
1.858234405517578125e-02
2.028417587280273438e-02
1.841402053833007812e-02
2.410769462585449219e-02
2.581334114074707031e-02
1.647925376892089844e-02
2.005386352539062500e-02
2.044081687927246094e-02
1.029729843139648438e-02
2.059578895568847656e-02
9.943485260009765625e-03
1.215291023254394531e-02
1.425361633300781250e-02
1.493263244628906250e-02
2.407264709472656250e-02
1.797866821289062500e-02
1.714777946472167969e-02
2.280020713806152344e-02
2.593636512756347656e-02
3.894901275634765625e-02
3.585529327392578125e-02
1.851749420166015625e-02
2.038931846618652344e-02
1.824784278869628906e-02
1.338887214660644531e-02
1.664090156555175781e-02
2.013111114501953125e-02
2.047204971313476562e-02
1.861047744750976562e-02
2.316474914550781250e-02
1.140952110290527344e-02
9.535551071166992188e-03
1.338553428649902344e-02
1.989150047302246094e-02
1.932954788208007812e-02
2.725672721862792969e-02
1.962661743164062500e-02
2.996325492858886719e-02
1.816654205322265625e-02
1.425862312316894531e-02
1.572775840759277344e-02
1.323366165161132812e-02
1.340889930725097656e-02
2.147221565246582031e-02
1.438260078430175781e-02
1.627230644226074219e-02
1.023840904235839844e-02
2.181911468505859375e-02
2.903819084167480469e-02
1.823830604553222656e-02
8.020401000976562500e-03
1.306986808776855469e-02
1.686143875122070312e-02
1.129817962646484375e-02
1.912117004394531250e-02
2.602338790893554688e-02
1.323175430297851562e-02
2.362823486328125000e-02
1.357126235961914062e-02
1.697540283203125000e-02
1.006650924682617188e-02
3.424382209777832031e-02
1.899361610412597656e-02
3.354191780090332031e-02
3.925108909606933594e-02
1.483821868896484375e-02
6.836175918579101562e-03
1.447248458862304688e-02
1.642608642578125000e-02
2.165031433105468750e-02
1.721072196960449219e-02
2.014756202697753906e-02
3.214240074157714844e-02
2.299690246582031250e-02
3.392457962036132812e-02
1.578760147094726562e-02
1.042509078979492188e-02
1.803445816040039062e-02
2.668857574462890625e-02
1.276159286499023438e-02
1.998925209045410156e-02
1.305270195007324219e-02
3.083467483520507812e-02
1.505279541015625000e-02
1.990151405334472656e-02
1.981520652770996094e-02
2.746057510375976562e-02
1.234889030456542969e-02
1.830506324768066406e-02
2.064752578735351562e-02
1.508688926696777344e-02
1.603293418884277344e-02
1.948118209838867188e-02
3.373241424560546875e-02
2.186417579650878906e-02
1.451992988586425781e-02
1.673030853271484375e-02
2.423238754272460938e-02
3.510308265686035156e-02
3.957128524780273438e-02
2.813458442687988281e-02
1.967954635620117188e-02
3.342580795288085938e-02
3.416800498962402344e-02
2.929449081420898438e-02
1.816391944885253906e-02
1.371836662292480469e-02
9.896755218505859375e-03
2.006173133850097656e-02
1.009774208068847656e-02
1.450347900390625000e-02
1.202821731567382812e-02
2.100992202758789062e-02
1.358604431152343750e-02
2.180314064025878906e-02
2.049255371093750000e-02
1.636123657226562500e-02
2.360105514526367188e-02
2.203512191772460938e-02
1.648283004760742188e-02
6.029129028320312500e-03
1.650428771972656250e-02
1.477789878845214844e-02
1.571059226989746094e-02
3.218293190002441406e-02
2.178955078125000000e-02
1.992011070251464844e-02
2.269983291625976562e-02
8.094549179077148438e-03
1.892542839050292969e-02
1.184296607971191406e-02
1.412773132324218750e-02
1.594805717468261719e-02
2.163672447204589844e-02
2.839350700378417969e-02
2.706933021545410156e-02
1.410126686096191406e-02
2.021217346191406250e-02
2.016520500183105469e-02
1.935982704162597656e-02
9.987592697143554688e-03
3.629231452941894531e-02
2.815365791320800781e-02
1.998472213745117188e-02
1.446676254272460938e-02
1.188659667968750000e-02
3.824019432067871094e-02
2.872276306152343750e-02
3.095817565917968750e-02
3.191971778869628906e-02
2.607631683349609375e-02
3.029561042785644531e-02
2.621173858642578125e-02
3.884720802307128906e-02
3.563213348388671875e-02
3.094172477722167969e-02
3.185915946960449219e-02
2.403187751770019531e-02
3.227710723876953125e-02
1.794552803039550781e-02
1.632571220397949219e-02
1.717853546142578125e-02
2.108097076416015625e-02
1.892709732055664062e-02
2.991342544555664062e-02
2.916574478149414062e-02
2.928614616394042969e-02
2.716636657714843750e-02
1.800775527954101562e-02
1.618337631225585938e-02
1.028990745544433594e-02
3.007817268371582031e-02
1.226758956909179688e-02
1.675820350646972656e-02
1.548027992248535156e-02
1.244378089904785156e-02
1.797103881835937500e-02
2.212047576904296875e-02
1.930737495422363281e-02
7.326364517211914062e-03
3.688669204711914062e-02
1.971149444580078125e-02
2.588248252868652344e-02
8.989334106445312500e-03
2.946829795837402344e-02
2.760720252990722656e-02
2.246475219726562500e-02
2.635431289672851562e-02
2.244615554809570312e-02
1.682662963867187500e-02
1.498579978942871094e-02
1.162385940551757812e-02
2.805161476135253906e-02
2.767944335937500000e-02
1.620650291442871094e-02
1.148986816406250000e-02
1.533937454223632812e-02
1.070308685302734375e-02
1.920771598815917969e-02
9.720563888549804688e-03
1.180100440979003906e-02
4.112792015075683594e-02
4.189205169677734375e-02
3.918027877807617188e-02
3.996539115905761719e-02
6.402254104614257812e-03
1.280832290649414062e-02
9.439706802368164062e-03
4.333066940307617188e-02
2.904224395751953125e-02
1.700997352600097656e-02
3.033113479614257812e-02
9.376287460327148438e-03
2.340054512023925781e-02
2.489852905273437500e-02
4.020977020263671875e-02
1.940417289733886719e-02
1.536679267883300781e-02
1.170134544372558594e-02
2.692675590515136719e-02
3.028440475463867188e-02
3.974223136901855469e-02
1.824975013732910156e-02
2.608060836791992188e-02
1.718521118164062500e-02
2.628731727600097656e-02
3.026270866394042969e-02
4.262876510620117188e-02
3.272700309753417969e-02
3.147864341735839844e-02
2.928304672241210938e-02
2.919316291809082031e-02
3.012537956237792969e-02
2.408957481384277344e-02
2.979230880737304688e-02
2.542495727539062500e-02
1.025438308715820312e-02
3.207874298095703125e-02
2.930164337158203125e-02
3.469586372375488281e-02
2.018928527832031250e-02
1.800918579101562500e-02
2.896118164062500000e-02
3.198313713073730469e-02
2.866744995117187500e-02
3.820705413818359375e-02
1.975655555725097656e-02
1.192927360534667969e-02
1.798987388610839844e-02
2.089333534240722656e-02
2.791690826416015625e-02
3.603959083557128906e-02
2.004480361938476562e-02
2.771139144897460938e-02
2.487754821777343750e-02
3.000879287719726562e-02
1.973772048950195312e-02
9.450435638427734375e-03
9.455204010009765625e-03
3.145313262939453125e-02
3.577399253845214844e-02
2.768397331237792969e-02
2.140045166015625000e-02
3.132510185241699219e-02
3.439569473266601562e-02
3.825831413269042969e-02
3.324341773986816406e-02
2.676105499267578125e-02
2.942132949829101562e-02
2.374005317687988281e-02
3.200888633728027344e-02
1.019191741943359375e-02
1.968169212341308594e-02
1.845526695251464844e-02
1.844596862792968750e-02
9.882450103759765625e-03
1.450419425964355469e-02
4.231810569763183594e-02
4.012203216552734375e-02
2.047562599182128906e-02
2.360367774963378906e-02
2.016043663024902344e-02
2.303528785705566406e-02
2.975130081176757812e-02
1.968479156494140625e-02
1.620650291442871094e-02
2.583956718444824219e-02
3.766560554504394531e-02
2.981638908386230469e-02
3.029561042785644531e-02
3.006505966186523438e-02
1.006221771240234375e-02
6.007432937622070312e-03
1.859307289123535156e-02
1.939344406127929688e-02
1.772260665893554688e-02
1.576495170593261719e-02
1.999354362487792969e-02
9.551763534545898438e-03
1.671934127807617188e-02
2.122259140014648438e-02
2.250576019287109375e-02
2.988219261169433594e-02
3.036546707153320312e-02
2.581453323364257812e-02
3.291249275207519531e-02
3.979992866516113281e-02
2.923417091369628906e-02
3.380846977233886719e-02
1.781511306762695312e-02
1.835680007934570312e-02
2.571916580200195312e-02
3.086066246032714844e-02
4.048156738281250000e-02
2.967500686645507812e-02
3.025579452514648438e-02
3.393268585205078125e-02
3.243470191955566406e-02
2.755236625671386719e-02
1.918792724609375000e-02
1.437282562255859375e-02
1.320099830627441406e-02
2.398419380187988281e-02
2.270126342773437500e-02
1.413345336914062500e-02
1.439905166625976562e-02
2.044153213500976562e-02
2.884483337402343750e-02
2.359557151794433594e-02
1.723408699035644531e-02
1.549792289733886719e-02
1.524448394775390625e-02
9.073495864868164062e-03
2.423477172851562500e-02
1.870131492614746094e-02
1.992726325988769531e-02
2.014660835266113281e-02
2.979993820190429688e-02
1.517701148986816406e-02
3.079247474670410156e-02
1.541090011596679688e-02
1.105666160583496094e-02
8.014440536499023438e-03
1.056218147277832031e-02
1.266384124755859375e-02
1.869392395019531250e-02
3.231906890869140625e-02
2.665901184082031250e-02
1.926898956298828125e-02
1.420593261718750000e-02
2.460646629333496094e-02
3.998613357543945312e-02
3.911948204040527344e-02
3.470206260681152344e-02
2.051711082458496094e-02
2.986955642700195312e-02
2.070927619934082031e-02
7.015466690063476562e-03
1.862072944641113281e-02
3.214836120605468750e-02
2.023172378540039062e-02
1.922154426574707031e-02
2.303051948547363281e-02
2.888774871826171875e-02
1.156163215637207031e-02
1.478934288024902344e-02
