2.144157886505126953e-01
6.419181823730468750e-03
6.868839263916015625e-04
0.000000000000000000e+00
1.309776306152343750e-02
2.397155761718750000e-02
1.153564453125000000e-02
9.983539581298828125e-03
2.303695678710937500e-02
5.714654922485351562e-03
2.598166465759277344e-02
2.214407920837402344e-02
1.924681663513183594e-02
3.100061416625976562e-02
1.796197891235351562e-02
2.400636672973632812e-02
2.136301994323730469e-02
1.871609687805175781e-02
0.000000000000000000e+00
1.586127281188964844e-02
1.690244674682617188e-02
1.767611503601074219e-02
3.203630447387695312e-03
1.858067512512207031e-02
1.714515686035156250e-02
2.225065231323242188e-02
2.103328704833984375e-02
2.409958839416503906e-02
1.653003692626953125e-02
2.055883407592773438e-02
1.579380035400390625e-02
1.257228851318359375e-02
2.219748497009277344e-02
1.620459556579589844e-02
1.649379730224609375e-02
1.583576202392578125e-02
1.586031913757324219e-02
1.547431945800781250e-02
1.764655113220214844e-02
1.254701614379882812e-02
2.013278007507324219e-02
2.063775062561035156e-02
1.581740379333496094e-02
1.572871208190917969e-02
5.079984664916992188e-03
1.332879066467285156e-02
1.752543449401855469e-02
1.790046691894531250e-02
1.590228080749511719e-02
2.000379562377929688e-02
0.000000000000000000e+00
0.000000000000000000e+00
4.383802413940429688e-03
1.242065429687500000e-02
1.733183860778808594e-02
9.846448898315429688e-03
6.537437438964843750e-03
0.000000000000000000e+00
1.575231552124023438e-02
1.806640625000000000e-02
2.367830276489257812e-02
2.574610710144042969e-02
2.091813087463378906e-02
1.290273666381835938e-02
2.349352836608886719e-02
1.310157775878906250e-02
2.042484283447265625e-02
1.436448097229003906e-02
1.690864562988281250e-02
2.118825912475585938e-02
1.215577125549316406e-02
1.983428001403808594e-02
1.637101173400878906e-02
1.623082160949707031e-02
1.592135429382324219e-02
2.104997634887695312e-03
1.425886154174804688e-02
1.822161674499511719e-02
2.025842666625976562e-02
1.201272010803222656e-02
2.137446403503417969e-02
1.195716857910156250e-02
0.000000000000000000e+00
8.272409439086914062e-03
0.000000000000000000e+00
0.000000000000000000e+00
1.578831672668457031e-02
1.561331748962402344e-02
2.121782302856445312e-02
2.434301376342773438e-02
2.303171157836914062e-02
1.368451118469238281e-02
0.000000000000000000e+00
1.775479316711425781e-02
1.625871658325195312e-02
1.440596580505371094e-02
1.918888092041015625e-02
1.699018478393554688e-02
7.180452346801757812e-03
1.407194137573242188e-02
2.083444595336914062e-02
1.735711097717285156e-02
1.038980484008789062e-02
1.914286613464355469e-02
1.786899566650390625e-02
1.615595817565917969e-02
2.057981491088867188e-02
2.139997482299804688e-02
2.056550979614257812e-02
1.840353012084960938e-02
1.907348632812500000e-02
1.620364189147949219e-02
1.946473121643066406e-02
1.354455947875976562e-02
1.984405517578125000e-02
1.681399345397949219e-02
1.324200630187988281e-02
1.827311515808105469e-02
1.734328269958496094e-02
1.995849609375000000e-02
1.293611526489257812e-02
2.709627151489257812e-03
4.178285598754882812e-03
1.273393630981445312e-02
1.422739028930664062e-02
1.785898208618164062e-02
2.541732788085937500e-02
2.193450927734375000e-02
1.688218116760253906e-02
1.856660842895507812e-02
3.254675865173339844e-02
1.460361480712890625e-02
6.023883819580078125e-03
2.966785430908203125e-02
1.663494110107421875e-02
1.460504531860351562e-02
2.005362510681152344e-02
2.719306945800781250e-02
1.332521438598632812e-02
1.631164550781250000e-02
1.622319221496582031e-02
3.008890151977539062e-02
1.945614814758300781e-02
1.427602767944335938e-02
2.183294296264648438e-02
1.789522171020507812e-02
1.852464675903320312e-02
3.032469749450683594e-02
2.058744430541992188e-02
3.102231025695800781e-02
1.816368103027343750e-02
1.381707191467285156e-02
2.911686897277832031e-02
3.609037399291992188e-02
3.490495681762695312e-02
2.398633956909179688e-02
1.597046852111816406e-02
1.152706146240234375e-02
3.050136566162109375e-02
1.703572273254394531e-02
3.284430503845214844e-02
3.460335731506347656e-02
3.126406669616699219e-02
1.896309852600097656e-02
1.659011840820312500e-02
1.879048347473144531e-02
0.000000000000000000e+00
1.599574089050292969e-02
2.031612396240234375e-02
0.000000000000000000e+00
1.498055458068847656e-02
2.226448059082031250e-02
2.960038185119628906e-02
1.505827903747558594e-02
3.532791137695312500e-02
1.904201507568359375e-02
2.818155288696289062e-02
1.897430419921875000e-02
2.263784408569335938e-02
1.563739776611328125e-02
3.032660484313964844e-02
1.828980445861816406e-02
0.000000000000000000e+00
1.660180091857910156e-02
2.901554107666015625e-02
2.225828170776367188e-02
2.870798110961914062e-02
2.461314201354980469e-02
6.597042083740234375e-03
1.556420326232910156e-02
1.422286033630371094e-02
1.321792602539062500e-02
8.253574371337890625e-03
5.412817001342773438e-03
1.509737968444824219e-02
1.571130752563476562e-02
3.025507926940917969e-02
1.968479156494140625e-02
1.549530029296875000e-02
1.466584205627441406e-02
2.174019813537597656e-02
2.033019065856933594e-02
1.993465423583984375e-02
3.236532211303710938e-02
2.764821052551269531e-02
1.762461662292480469e-02
1.934456825256347656e-02
3.064918518066406250e-02
1.133203506469726562e-02
1.691436767578125000e-02
3.119468688964843750e-02
2.339601516723632812e-02
1.960420608520507812e-02
1.785659790039062500e-02
1.549172401428222656e-02
2.069687843322753906e-02
1.688504219055175781e-02
1.728272438049316406e-02
1.497411727905273438e-02
1.121783256530761719e-02
1.709794998168945312e-02
2.012085914611816406e-02
2.205204963684082031e-02
2.119159698486328125e-02
1.507019996643066406e-02
1.460170745849609375e-02
2.349853515625000000e-02
1.914715766906738281e-02
3.198027610778808594e-02
3.689002990722656250e-02
1.564764976501464844e-02
2.619862556457519531e-02
1.610803604125976562e-02
1.767182350158691406e-02
2.326488494873046875e-02
2.608990669250488281e-02
3.409433364868164062e-02
3.314447402954101562e-02
2.568316459655761719e-02
1.760768890380859375e-02
2.930402755737304688e-03
2.413702011108398438e-02
1.760339736938476562e-02
1.445484161376953125e-02
1.558303833007812500e-02
1.162457466125488281e-02
6.771087646484375000e-03
1.643395423889160156e-02
1.563668251037597656e-02
0.000000000000000000e+00
1.684379577636718750e-02
2.358031272888183594e-02
2.085041999816894531e-02
1.576828956604003906e-02
1.691555976867675781e-02
2.548670768737792969e-02
1.795983314514160156e-02
1.541042327880859375e-02
1.568484306335449219e-02
3.303933143615722656e-02
3.296589851379394531e-02
2.595853805541992188e-02
1.844692230224609375e-02
1.802682876586914062e-02
3.015398979187011719e-02
2.623724937438964844e-02
4.638409614562988281e-02
3.186225891113281250e-02
1.604509353637695312e-02
2.954483032226562500e-03
1.439523696899414062e-02
3.063941001892089844e-02
3.229331970214843750e-02
3.287315368652343750e-02
1.678681373596191406e-02
2.309179306030273438e-02
1.211810111999511719e-02
5.582332611083984375e-03
1.801466941833496094e-02
1.745462417602539062e-02
2.109122276306152344e-02
3.743410110473632812e-03
1.662373542785644531e-02
1.980876922607421875e-02
7.757186889648437500e-03
1.259016990661621094e-02
1.862573623657226562e-02
1.712441444396972656e-02
1.431798934936523438e-02
7.355690002441406250e-03
2.187466621398925781e-02
1.729702949523925781e-02
1.622128486633300781e-02
1.821041107177734375e-02
1.463627815246582031e-02
7.228851318359375000e-03
5.148172378540039062e-03
1.720905303955078125e-02
1.727342605590820312e-02
1.050376892089843750e-02
1.596641540527343750e-02
2.081203460693359375e-02
0.000000000000000000e+00
1.040315628051757812e-02
1.160883903503417969e-02
1.965475082397460938e-02
1.691508293151855469e-02
1.796340942382812500e-02
0.000000000000000000e+00
2.004456520080566406e-02
1.262855529785156250e-02
1.684498786926269531e-02
2.035832405090332031e-02
1.533031463623046875e-02
1.401662826538085938e-02
1.895904541015625000e-02
1.721978187561035156e-02
1.616764068603515625e-02
1.710152626037597656e-02
1.785755157470703125e-02
1.703071594238281250e-02
1.580047607421875000e-02
1.838469505310058594e-02
1.478719711303710938e-02
1.780176162719726562e-02
1.172876358032226562e-02
1.562809944152832031e-02
1.740431785583496094e-02
1.646947860717773438e-02
2.029657363891601562e-02
1.632285118103027344e-02
1.188540458679199219e-02
1.186013221740722656e-02
6.108283996582031250e-03
1.663780212402343750e-02
1.640605926513671875e-02
2.156519889831542969e-02
1.131868362426757812e-02
2.161049842834472656e-02
0.000000000000000000e+00
1.562523841857910156e-02
2.084684371948242188e-02
1.337361335754394531e-02
1.604151725769042969e-02
3.316688537597656250e-02
3.091716766357421875e-02
1.970481872558593750e-02
1.424694061279296875e-02
1.660037040710449219e-02
1.962780952453613281e-02
1.740550994873046875e-02
1.566386222839355469e-02
1.587677001953125000e-02
1.982045173645019531e-02
1.690983772277832031e-02
1.668143272399902344e-02
3.606247901916503906e-02
3.119778633117675781e-02
1.882553100585937500e-02
2.482867240905761719e-02
1.742172241210937500e-02
1.654386520385742188e-02
1.967954635620117188e-02
1.621127128601074219e-02
3.256440162658691406e-02
1.414465904235839844e-02
1.150393486022949219e-02
7.506370544433593750e-03
0.000000000000000000e+00
1.786851882934570312e-02
1.180839538574218750e-02
1.923108100891113281e-02
1.462864875793457031e-02
3.736257553100585938e-03
0.000000000000000000e+00
3.281354904174804688e-03
1.854276657104492188e-02
1.572871208190917969e-02
1.696181297302246094e-02
2.486562728881835938e-02
1.790165901184082031e-02
3.237771987915039062e-02
1.878023147583007812e-02
1.667165756225585938e-02
3.143310546875000000e-02
2.027583122253417969e-02
1.588487625122070312e-02
1.965594291687011719e-02
1.512265205383300781e-02
1.601266860961914062e-02
1.832866668701171875e-02
1.869106292724609375e-02
1.603841781616210938e-02
1.616787910461425781e-02
1.796388626098632812e-02
2.962589263916015625e-03
1.935696601867675781e-02
3.249788284301757812e-02
2.259278297424316406e-02
1.830315589904785156e-02
1.563286781311035156e-02
2.051997184753417969e-02
2.966809272766113281e-02
3.398633003234863281e-02
3.660893440246582031e-02
3.219127655029296875e-02
1.915001869201660156e-02
1.515960693359375000e-02
4.014253616333007812e-03
0.000000000000000000e+00
0.000000000000000000e+00
0.000000000000000000e+00
2.067327499389648438e-02
3.268027305603027344e-02
1.945424079895019531e-02
1.781678199768066406e-02
2.115845680236816406e-02
3.035020828247070312e-02
1.636600494384765625e-02
1.438760757446289062e-02
2.933740615844726562e-02
3.236317634582519531e-02
1.539564132690429688e-02
1.874971389770507812e-02
1.823616027832031250e-02
1.700377464294433594e-02
1.586461067199707031e-02
1.440286636352539062e-02
1.977753639221191406e-02
1.515603065490722656e-02
1.762747764587402344e-02
2.968311309814453125e-02
1.974534988403320312e-02
1.309609413146972656e-02
1.858544349670410156e-02
4.118919372558593750e-03
1.571345329284667969e-02
1.960873603820800781e-02
2.484560012817382812e-03
1.570343971252441406e-02
1.989865303039550781e-02
1.708602905273437500e-02
1.583313941955566406e-02
0.000000000000000000e+00
1.671910285949707031e-02
2.036237716674804688e-02
2.910113334655761719e-02
1.896572113037109375e-02
1.749634742736816406e-02
1.728153228759765625e-02
1.780557632446289062e-02
1.741743087768554688e-02
1.466059684753417969e-02
1.979303359985351562e-02
1.584863662719726562e-02
1.801848411560058594e-02
1.598644256591796875e-02
1.520705223083496094e-02
1.745653152465820312e-02
1.650047302246093750e-02
5.003929138183593750e-03
1.179313659667968750e-02
1.681065559387207031e-02
6.262063980102539062e-03
1.579451560974121094e-02
1.898384094238281250e-02
1.564383506774902344e-02
3.276515007019042969e-02
3.425812721252441406e-02
3.234601020812988281e-02
1.560854911804199219e-02
3.323912620544433594e-02
3.617882728576660156e-02
2.208495140075683594e-02
1.927447319030761719e-02
3.225588798522949219e-02
1.915526390075683594e-02
1.934623718261718750e-02
1.464033126831054688e-02
4.049301147460937500e-03
1.662921905517578125e-02
1.736688613891601562e-02
1.839900016784667969e-02
1.900744438171386719e-02
1.661849021911621094e-02
0.000000000000000000e+00
4.604578018188476562e-03
1.924967765808105469e-02
2.011656761169433594e-02
1.686859130859375000e-02
3.257441520690917969e-02
1.840233802795410156e-02
2.400851249694824219e-02
2.376985549926757812e-02
1.711130142211914062e-02
1.895475387573242188e-02
1.543807983398437500e-02
1.996445655822753906e-02
1.949787139892578125e-02
1.840066909790039062e-02
1.750111579895019531e-02
1.874661445617675781e-02
2.003431320190429688e-02
6.967306137084960938e-03
1.385903358459472656e-02
1.848626136779785156e-02
1.788544654846191406e-02
1.660203933715820312e-02
3.149390220642089844e-02
1.742339134216308594e-02
5.447626113891601562e-03
1.571917533874511719e-02
1.697921752929687500e-02
3.066039085388183594e-02
2.142190933227539062e-02
1.558780670166015625e-02
1.905179023742675781e-02
1.571631431579589844e-02
3.209829330444335938e-02
1.837706565856933594e-02
1.573801040649414062e-02
1.665163040161132812e-02
3.427124023437500000e-02
2.511620521545410156e-02
3.197789192199707031e-02
2.112102508544921875e-02
3.080391883850097656e-02
2.372360229492187500e-02
1.522684097290039062e-02
3.289628028869628906e-02
1.898813247680664062e-02
9.865045547485351562e-03
1.684522628784179688e-02
1.658558845520019531e-02
3.864049911499023438e-03
1.668858528137207031e-02
1.435470581054687500e-02
5.053281784057617188e-03
1.505732536315917969e-02
1.814961433410644531e-02
1.713991165161132812e-02
1.893973350524902344e-02
1.783156394958496094e-02
1.810026168823242188e-02
1.437401771545410156e-02
1.694583892822265625e-02
1.566982269287109375e-02
2.709865570068359375e-03
1.719379425048828125e-02
1.655244827270507812e-02
2.029490470886230469e-02
1.610684394836425781e-02
4.423618316650390625e-03
4.487276077270507812e-03
1.368141174316406250e-02
1.737713813781738281e-02
1.751208305358886719e-02
1.584053039550781250e-02
1.984858512878417969e-02
1.526141166687011719e-02
3.374552726745605469e-02
3.146243095397949219e-02
3.314614295959472656e-02
1.837325096130371094e-02
2.141284942626953125e-02
1.999521255493164062e-02
1.918053627014160156e-02
3.297710418701171875e-02
3.624296188354492188e-02
3.255486488342285156e-02
3.098487854003906250e-02
9.067296981811523438e-03
1.343512535095214844e-02
1.832222938537597656e-02
3.237342834472656250e-02
3.012871742248535156e-02
1.959109306335449219e-02
3.230190277099609375e-02
2.091932296752929688e-02
1.771235466003417969e-02
1.622629165649414062e-02
1.753568649291992188e-02
2.038836479187011719e-02
1.642060279846191406e-02
1.498246192932128906e-02
1.820063591003417969e-02
3.003573417663574219e-02
1.535820960998535156e-02
1.652789115905761719e-02
3.548884391784667969e-02
3.158903121948242188e-02
3.122210502624511719e-02
1.154994964599609375e-02
1.655960083007812500e-02
2.063035964965820312e-02
1.853370666503906250e-02
1.291823387145996094e-02
2.262711524963378906e-02
1.020717620849609375e-02
3.916978836059570312e-03
0.000000000000000000e+00
1.119852066040039062e-02
1.726460456848144531e-02
1.756978034973144531e-02
2.038311958312988281e-02
2.034759521484375000e-02
1.141119003295898438e-02
1.898884773254394531e-02
1.798105239868164062e-02
1.533603668212890625e-02
1.707553863525390625e-02
5.881547927856445312e-03
3.849029541015625000e-03
3.680944442749023438e-03
1.564884185791015625e-02
1.576948165893554688e-02
1.507592201232910156e-02
1.350522041320800781e-02
1.630926132202148438e-02
2.031445503234863281e-02
1.170468330383300781e-02
1.606082916259765625e-02
1.459884643554687500e-02
1.860666275024414062e-02
1.485013961791992188e-02
1.606082916259765625e-02
1.242136955261230469e-02
3.500580787658691406e-02
3.685665130615234375e-02
1.071476936340332031e-02
1.353144645690917969e-02
1.498317718505859375e-02
1.480627059936523438e-02
1.805782318115234375e-02
1.441574096679687500e-02
2.278065681457519531e-02
1.626276969909667969e-02
1.548385620117187500e-02
3.411030769348144531e-02
1.684379577636718750e-02
1.982212066650390625e-02
3.045654296875000000e-02
3.340888023376464844e-02
2.062082290649414062e-02
1.656103134155273438e-02
1.498627662658691406e-02
1.715135574340820312e-02
1.282382011413574219e-02
2.099657058715820312e-02
2.937221527099609375e-02
2.422165870666503906e-02
1.850557327270507812e-02
3.221058845520019531e-02
3.344845771789550781e-02
2.585005760192871094e-02
3.264141082763671875e-02
3.135180473327636719e-02
2.869844436645507812e-02
3.097200393676757812e-02
3.347969055175781250e-02
2.517485618591308594e-02
1.898717880249023438e-02
1.809859275817871094e-02
2.393603324890136719e-02
1.853609085083007812e-02
1.817011833190917969e-02
3.153824806213378906e-02
1.538348197937011719e-02
1.530885696411132812e-03
1.964640617370605469e-02
1.840877532958984375e-02
1.659941673278808594e-02
1.655650138854980469e-02
3.213214874267578125e-02
1.795506477355957031e-02
1.871681213378906250e-02
1.595401763916015625e-02
1.533699035644531250e-02
1.771306991577148438e-02
1.811075210571289062e-02
1.826333999633789062e-02
1.384377479553222656e-02
2.421450614929199219e-02
1.580572128295898438e-02
1.600909233093261719e-02
1.952815055847167969e-02
1.564931869506835938e-02
2.226853370666503906e-02
8.020162582397460938e-03
0.000000000000000000e+00
1.623225212097167969e-02
1.869606971740722656e-02
2.282571792602539062e-02
1.481318473815917969e-02
2.105188369750976562e-02
2.540969848632812500e-02
1.777887344360351562e-02
1.802515983581542969e-02
1.954984664916992188e-02
2.585506439208984375e-02
1.687860488891601562e-02
1.732921600341796875e-02
1.822996139526367188e-02
3.728866577148437500e-03
1.720070838928222656e-02
3.054738044738769531e-02
1.974320411682128906e-02
1.394963264465332031e-02
1.689910888671875000e-02
1.837801933288574219e-02
1.493048667907714844e-02
1.706194877624511719e-02
1.819753646850585938e-02
8.729219436645507812e-03
1.626420021057128906e-02
1.973199844360351562e-02
1.470518112182617188e-02
1.750016212463378906e-02
1.597023010253906250e-02
1.644802093505859375e-02
3.523898124694824219e-02
1.629686355590820312e-02
1.709008216857910156e-02
1.842999458312988281e-02
3.185272216796875000e-02
1.474189758300781250e-02
1.847410202026367188e-02
3.016829490661621094e-02
1.312947273254394531e-02
1.956439018249511719e-02
3.240561485290527344e-02
3.159165382385253906e-02
1.873707771301269531e-02
1.853036880493164062e-02
3.214502334594726562e-02
2.258944511413574219e-02
3.355717658996582031e-02
1.780223846435546875e-02
1.708126068115234375e-02
3.327822685241699219e-02
4.424858093261718750e-02
1.376247406005859375e-02
1.941943168640136719e-02
1.763892173767089844e-02
1.879453659057617188e-03
1.906299591064453125e-02
1.545858383178710938e-02
1.589632034301757812e-02
1.765584945678710938e-02
1.409053802490234375e-02
0.000000000000000000e+00
3.306865692138671875e-03
1.642775535583496094e-02
8.103132247924804688e-03
1.694464683532714844e-02
1.824474334716796875e-02
1.981353759765625000e-02
1.001596450805664062e-02
1.526141166687011719e-02
1.584100723266601562e-02
1.911616325378417969e-02
1.381874084472656250e-02
6.294727325439453125e-03
2.322435379028320312e-03
1.343631744384765625e-02
1.847004890441894531e-02
1.555466651916503906e-02
3.475427627563476562e-03
0.000000000000000000e+00
0.000000000000000000e+00
1.705956459045410156e-02
1.643252372741699219e-02
1.743364334106445312e-02
1.766300201416015625e-02
2.022528648376464844e-02
1.175498962402343750e-02
1.964068412780761719e-02
1.223778724670410156e-02
5.107164382934570312e-03
1.752495765686035156e-02
1.449394226074218750e-02
2.183365821838378906e-02
2.365159988403320312e-02
0.000000000000000000e+00
1.327872276306152344e-02
2.061128616333007812e-02
2.986407279968261719e-02
1.993846893310546875e-02
1.752972602844238281e-02
3.306198120117187500e-02
3.321218490600585938e-02
3.062844276428222656e-02
1.665449142456054688e-02
3.191256523132324219e-02
2.013897895812988281e-02
3.404426574707031250e-02
2.954316139221191406e-02
3.475618362426757812e-02
1.564764976501464844e-02
3.447031974792480469e-02
1.461315155029296875e-02
1.884794235229492188e-02
3.232741355895996094e-02
2.753973007202148438e-02
2.063012123107910156e-02
1.710963249206542969e-02
1.785349845886230469e-02
1.442003250122070312e-02
1.442217826843261719e-02
3.264331817626953125e-02
1.957607269287109375e-02
1.753830909729003906e-02
1.673412322998046875e-02
4.379987716674804688e-03
2.270603179931640625e-02
1.791691780090332031e-02
3.181838989257812500e-02
3.470325469970703125e-02
1.885437965393066406e-02
1.829576492309570312e-02
2.923870086669921875e-02
1.854228973388671875e-02
1.747584342956542969e-02
2.187800407409667969e-02
1.332283020019531250e-02
1.769423484802246094e-02
3.303217887878417969e-02
1.735401153564453125e-02
3.349971771240234375e-02
4.930949211120605469e-02
3.491091728210449219e-02
1.672482490539550781e-02
2.057933807373046875e-02
1.470398902893066406e-02
1.723742485046386719e-02
1.972007751464843750e-02
2.034068107604980469e-02
3.552460670471191406e-02
1.773309707641601562e-02
1.733374595642089844e-02
1.741671562194824219e-02
1.510930061340332031e-02
1.572751998901367188e-02
1.825976371765136719e-02
1.602697372436523438e-02
1.563143730163574219e-02
1.892471313476562500e-02
1.618266105651855469e-02
1.911664009094238281e-02
1.297283172607421875e-02
1.986289024353027344e-02
4.013299942016601562e-03
4.444837570190429688e-03
1.978850364685058594e-02
1.714181900024414062e-02
2.839565277099609375e-03
3.327226638793945312e-02
1.811885833740234375e-02
1.763081550598144531e-02
1.689410209655761719e-02
1.745820045471191406e-02
1.579022407531738281e-02
2.164173126220703125e-02
2.507257461547851562e-02
1.812744140625000000e-02
1.847743988037109375e-02
1.636505126953125000e-02
2.009797096252441406e-02
2.102661132812500000e-02
1.278686523437500000e-02
1.506495475769042969e-02
2.212595939636230469e-02
1.582193374633789062e-02
1.453828811645507812e-02
3.200721740722656250e-02
1.771068572998046875e-02
1.838707923889160156e-02
1.616406440734863281e-02
2.597808837890625000e-03
1.880383491516113281e-02
1.446819305419921875e-02
2.556085586547851562e-03
2.199268341064453125e-02
0.000000000000000000e+00
1.568484306335449219e-02
1.938533782958984375e-02
1.441836357116699219e-02
4.080295562744140625e-03
1.915502548217773438e-02
1.360583305358886719e-02
2.079343795776367188e-02
2.092218399047851562e-02
2.900099754333496094e-02
1.443767547607421875e-02
3.338479995727539062e-02
1.910662651062011719e-02
2.681779861450195312e-02
1.726841926574707031e-02
1.692295074462890625e-02
1.739263534545898438e-02
1.726770401000976562e-02
3.678083419799804688e-03
1.606154441833496094e-02
1.869535446166992188e-02
2.038717269897460938e-03
1.473975181579589844e-02
1.747751235961914062e-02
1.744008064270019531e-02
1.777362823486328125e-02
3.220868110656738281e-02
1.974797248840332031e-02
5.196809768676757812e-03
1.561141014099121094e-02
2.215623855590820312e-02
2.185010910034179688e-02
1.911211013793945312e-02
1.867604255676269531e-02
1.410460472106933594e-02
1.645636558532714844e-02
2.018690109252929688e-02
2.849006652832031250e-02
1.778459548950195312e-02
1.959848403930664062e-02
1.442503929138183594e-02
2.993345260620117188e-03
1.972222328186035156e-02
1.732468605041503906e-02
1.758384704589843750e-02
1.847910881042480469e-02
1.505112648010253906e-02
2.086472511291503906e-02
1.862192153930664062e-02
1.711416244506835938e-02
1.858067512512207031e-02
1.802062988281250000e-02
2.467870712280273438e-03
1.804113388061523438e-02
1.952600479125976562e-02
1.463079452514648438e-02
1.923489570617675781e-02
1.799726486206054688e-02
3.176927566528320312e-03
1.877546310424804688e-02
1.795196533203125000e-02
2.951216697692871094e-02
2.379512786865234375e-02
4.249572753906250000e-03
1.613235473632812500e-02
1.909446716308593750e-02
2.166843414306640625e-02
1.227188110351562500e-02
9.431838989257812500e-03
1.984930038452148438e-02
2.263903617858886719e-02
1.792359352111816406e-02
1.563000679016113281e-02
3.791809082031250000e-03
1.872110366821289062e-02
1.580309867858886719e-02
2.914905548095703125e-03
2.208065986633300781e-02
1.268196105957031250e-02
1.554417610168457031e-02
1.880621910095214844e-02
3.717660903930664062e-03
2.051544189453125000e-02
1.414704322814941406e-02
0.000000000000000000e+00
1.627302169799804688e-02
1.734471321105957031e-02
1.566314697265625000e-02
1.765656471252441406e-02
1.704549789428710938e-02
1.907634735107421875e-02
3.088235855102539062e-02
3.618144989013671875e-02
1.779341697692871094e-02
1.768732070922851562e-02
1.878428459167480469e-02
1.902747154235839844e-02
2.085542678833007812e-02
1.934123039245605469e-02
3.129291534423828125e-02
3.309559822082519531e-02
1.845049858093261719e-02
1.727676391601562500e-02
1.847577095031738281e-02
1.679134368896484375e-02
3.342914581298828125e-02
3.375959396362304688e-02
3.236198425292968750e-02
1.822328567504882812e-02
3.197503089904785156e-02
2.883911132812500000e-02
2.057433128356933594e-02
1.756548881530761719e-02
1.849532127380371094e-02
1.724338531494140625e-02
3.110194206237792969e-02
3.272986412048339844e-02
1.911664009094238281e-02
1.574850082397460938e-02
3.196763992309570312e-02
2.865648269653320312e-02
2.224135398864746094e-02
2.692651748657226562e-02
1.857185363769531250e-02
1.821947097778320312e-02
1.701259613037109375e-02
1.646661758422851562e-02
1.463460922241210938e-02
1.668930053710937500e-02
1.711201667785644531e-02
4.928112030029296875e-03
1.451826095581054688e-02
1.999044418334960938e-02
1.805067062377929688e-02
1.455450057983398438e-02
0.000000000000000000e+00
1.267027854919433594e-02
2.377796173095703125e-02
0.000000000000000000e+00
0.000000000000000000e+00
1.923537254333496094e-02
3.116607666015625000e-02
5.053973197937011719e-02
3.224349021911621094e-02
3.392863273620605469e-02
3.429985046386718750e-02
3.266906738281250000e-02
3.232002258300781250e-02
3.313875198364257812e-02
1.561665534973144531e-02
3.354716300964355469e-02
1.851582527160644531e-02
1.989269256591796875e-02
3.192162513732910156e-02
3.212857246398925781e-02
3.259420394897460938e-02
1.372241973876953125e-02
1.605820655822753906e-02
3.178095817565917969e-02
1.963973045349121094e-02
2.263784408569335938e-02
1.789855957031250000e-02
1.854658126831054688e-02
1.298379898071289062e-02
1.811289787292480469e-02
1.659369468688964844e-02
1.827812194824218750e-02
1.769995689392089844e-02
1.564097404479980469e-02
1.746082305908203125e-02
1.475477218627929688e-02
3.331542015075683594e-02
1.770067214965820312e-02
1.724863052368164062e-02
1.689839363098144531e-02
1.868391036987304688e-02
1.748919486999511719e-02
1.673460006713867188e-02
1.689410209655761719e-02
2.885913848876953125e-02
1.848745346069335938e-02
1.784563064575195312e-02
1.898574829101562500e-02
1.301383972167968750e-02
1.714110374450683594e-02
3.431129455566406250e-02
2.004718780517578125e-02
2.064752578735351562e-02
2.879881858825683594e-02
1.519274711608886719e-02
1.741433143615722656e-02
1.786255836486816406e-02
1.743578910827636719e-02
0.000000000000000000e+00
3.611707687377929688e-02
2.897858619689941406e-02
1.444411277770996094e-02
1.280188560485839844e-02
3.254413604736328125e-02
1.638221740722656250e-02
1.421070098876953125e-02
3.040146827697753906e-02
3.009629249572753906e-02
1.779580116271972656e-02
1.649212837219238281e-02
1.824712753295898438e-02
3.278994560241699219e-02
