3.156626224517822266e-01
3.971910476684570312e-02
3.831553459167480469e-02
4.729914665222167969e-02
5.190944671630859375e-02
3.832197189331054688e-02
3.159451484680175781e-02
3.906083106994628906e-02
3.844356536865234375e-02
4.077935218811035156e-02
3.820323944091796875e-02
4.142594337463378906e-02
3.997063636779785156e-02
4.356265068054199219e-02
3.934264183044433594e-02
3.845214843750000000e-02
2.698159217834472656e-02
4.029273986816406250e-02
4.044342041015625000e-02
3.656578063964843750e-02
3.917264938354492188e-02
4.715991020202636719e-02
4.552459716796875000e-02
3.550148010253906250e-02
4.163050651550292969e-02
3.489327430725097656e-02
4.745435714721679688e-02
4.043531417846679688e-02
4.173207283020019531e-02
4.282689094543457031e-02
4.056167602539062500e-02
4.794406890869140625e-02
3.896522521972656250e-02
5.101466178894042969e-02
3.692793846130371094e-02
3.847670555114746094e-02
4.769253730773925781e-02
3.605365753173828125e-02
3.619694709777832031e-02
3.899645805358886719e-02
3.196358680725097656e-02
3.350925445556640625e-02
4.435491561889648438e-02
3.715276718139648438e-02
3.007149696350097656e-02
4.347491264343261719e-02
4.105281829833984375e-02
3.762173652648925781e-02
3.810811042785644531e-02
3.992319107055664062e-02
4.135370254516601562e-02
2.890491485595703125e-02
3.267502784729003906e-02
4.466795921325683594e-02
4.085636138916015625e-02
3.719949722290039062e-02
3.862023353576660156e-02
4.795861244201660156e-02
4.632759094238281250e-02
4.537940025329589844e-02
4.656600952148437500e-02
4.919886589050292969e-02
4.553699493408203125e-02
4.244756698608398438e-02
4.482722282409667969e-02
3.957271575927734375e-02
2.530479431152343750e-02
4.185652732849121094e-02
3.724312782287597656e-02
3.500652313232421875e-02
2.805209159851074219e-02
4.919552803039550781e-02
2.061533927917480469e-02
4.152536392211914062e-02
4.219746589660644531e-02
3.486728668212890625e-02
3.913617134094238281e-02
3.280258178710937500e-02
4.136180877685546875e-02
4.840517044067382812e-02
3.156995773315429688e-02
3.963971138000488281e-02
4.781103134155273438e-02
2.976512908935546875e-02
4.485917091369628906e-02
3.917241096496582031e-02
4.347085952758789062e-02
4.377627372741699219e-02
3.734421730041503906e-02
4.057765007019042969e-02
4.241180419921875000e-02
4.084730148315429688e-02
2.945518493652343750e-02
4.108762741088867188e-02
4.109549522399902344e-02
3.907799720764160156e-02
3.166151046752929688e-02
4.020452499389648438e-02
3.255200386047363281e-02
4.222202301025390625e-02
4.110455513000488281e-02
4.097175598144531250e-02
3.829312324523925781e-02
3.534126281738281250e-02
4.176568984985351562e-02
3.554582595825195312e-02
2.849650382995605469e-02
3.989243507385253906e-02
4.309391975402832031e-02
4.079532623291015625e-02
4.021835327148437500e-02
4.541802406311035156e-02
3.970122337341308594e-02
3.723168373107910156e-02
4.064989089965820312e-02
3.384256362915039062e-02
4.322218894958496094e-02
4.081940650939941406e-02
4.088449478149414062e-02
4.494309425354003906e-02
4.430341720581054688e-02
3.970289230346679688e-02
3.475117683410644531e-02
2.859926223754882812e-02
3.344464302062988281e-02
4.063487052917480469e-02
3.203964233398437500e-02
4.118704795837402344e-02
4.515194892883300781e-02
4.203033447265625000e-02
3.144097328186035156e-02
4.052352905273437500e-02
4.004120826721191406e-02
3.721165657043457031e-02
3.178286552429199219e-02
3.177857398986816406e-02
3.950738906860351562e-02
3.948640823364257812e-02
4.554295539855957031e-02
4.538726806640625000e-02
3.592729568481445312e-02
3.059315681457519531e-02
2.005791664123535156e-02
3.781604766845703125e-02
4.426741600036621094e-02
3.626394271850585938e-02
3.689813613891601562e-02
4.508042335510253906e-02
3.752923011779785156e-02
4.048037528991699219e-02
4.026222229003906250e-02
3.496813774108886719e-02
3.823685646057128906e-02
3.784465789794921875e-02
3.093481063842773438e-02
3.621768951416015625e-02
3.021502494812011719e-02
4.614210128784179688e-02
3.524518013000488281e-02
3.436374664306640625e-02
4.118895530700683594e-02
3.010821342468261719e-02
3.633761405944824219e-02
3.812360763549804688e-02
3.503084182739257812e-02
4.044699668884277344e-02
3.997826576232910156e-02
3.851437568664550781e-02
3.855538368225097656e-02
3.572773933410644531e-02
3.210353851318359375e-02
3.900671005249023438e-02
4.476451873779296875e-02
3.556704521179199219e-02
4.016423225402832031e-02
4.245853424072265625e-02
3.859305381774902344e-02
3.477430343627929688e-02
4.014086723327636719e-02
4.417872428894042969e-02
3.909897804260253906e-02
3.574752807617187500e-02
4.149770736694335938e-02
3.846240043640136719e-02
4.145383834838867188e-02
4.243493080139160156e-02
3.606367111206054688e-02
3.948426246643066406e-02
3.856778144836425781e-02
4.005336761474609375e-02
3.840351104736328125e-02
3.648614883422851562e-02
3.078722953796386719e-02
3.575253486633300781e-02
4.511642456054687500e-02
3.996634483337402344e-02
3.598070144653320312e-02
4.987716674804687500e-02
3.177022933959960938e-02
1.505017280578613281e-02
3.945875167846679688e-02
2.929759025573730469e-02
3.914594650268554688e-02
3.319525718688964844e-02
3.968000411987304688e-02
3.652667999267578125e-02
3.753209114074707031e-02
3.967666625976562500e-02
3.606963157653808594e-02
3.258585929870605469e-02
3.634452819824218750e-02
3.131222724914550781e-02
3.747057914733886719e-02
3.905510902404785156e-02
4.080224037170410156e-02
3.684973716735839844e-02
4.170012474060058594e-02
3.425383567810058594e-02
3.168296813964843750e-02
3.653931617736816406e-02
2.961015701293945312e-02
3.184008598327636719e-02
3.131628036499023438e-02
4.222583770751953125e-02
5.064344406127929688e-02
3.523564338684082031e-02
3.829860687255859375e-02
4.959487915039062500e-02
2.207040786743164062e-02
3.362607955932617188e-02
3.451371192932128906e-02
3.125739097595214844e-02
3.500151634216308594e-02
3.959679603576660156e-02
3.175806999206542969e-02
3.351044654846191406e-02
4.243516921997070312e-02
3.127837181091308594e-02
3.249025344848632812e-02
3.120303153991699219e-02
3.738307952880859375e-02
2.021574974060058594e-02
3.519177436828613281e-02
3.010034561157226562e-02
3.565430641174316406e-02
3.457283973693847656e-02
2.804112434387207031e-02
3.903698921203613281e-02
3.807473182678222656e-02
4.043602943420410156e-02
3.660154342651367188e-02
4.076194763183593750e-02
4.433965682983398438e-02
4.463744163513183594e-02
4.230666160583496094e-02
3.628206253051757812e-02
3.604102134704589844e-02
2.958917617797851562e-02
3.279352188110351562e-02
3.777408599853515625e-02
3.338027000427246094e-02
3.495144844055175781e-02
3.105735778808593750e-02
3.871941566467285156e-02
3.658246994018554688e-02
3.842306137084960938e-02
3.699517250061035156e-02
3.723955154418945312e-02
2.762198448181152344e-02
4.430937767028808594e-02
3.939437866210937500e-02
4.282593727111816406e-02
4.488062858581542969e-02
2.781772613525390625e-02
3.293728828430175781e-02
3.905177116394042969e-02
2.936172485351562500e-02
3.216862678527832031e-02
4.183793067932128906e-02
2.995729446411132812e-02
4.327821731567382812e-02
3.079342842102050781e-02
3.539228439331054688e-02
2.905416488647460938e-02
4.815053939819335938e-02
4.604458808898925781e-02
4.147624969482421875e-02
3.522491455078125000e-02
3.898310661315917969e-02
3.955936431884765625e-02
4.054832458496093750e-02
2.839517593383789062e-02
3.964138031005859375e-02
3.468799591064453125e-02
2.880144119262695312e-02
3.910899162292480469e-02
3.107237815856933594e-02
3.905320167541503906e-02
4.088902473449707031e-02
3.694677352905273438e-02
3.998827934265136719e-02
3.504300117492675781e-02
3.206849098205566406e-02
3.945088386535644531e-02
2.015614509582519531e-02
3.865337371826171875e-02
3.943061828613281250e-02
3.166961669921875000e-02
4.157018661499023438e-02
3.544163703918457031e-02
3.792905807495117188e-02
3.616523742675781250e-02
3.516697883605957031e-02
2.006316184997558594e-02
3.766345977783203125e-02
4.790449142456054688e-02
4.446434974670410156e-02
3.314542770385742188e-02
3.990626335144042969e-02
3.162217140197753906e-02
4.707956314086914062e-02
4.534459114074707031e-02
3.544878959655761719e-02
3.877663612365722656e-02
2.918362617492675781e-02
3.299832344055175781e-02
4.937958717346191406e-02
2.986288070678710938e-02
3.077268600463867188e-02
5.079603195190429688e-02
2.722334861755371094e-02
3.993725776672363281e-02
4.935836791992187500e-02
3.815889358520507812e-02
4.999876022338867188e-02
4.184174537658691406e-02
4.571413993835449219e-02
3.697943687438964844e-02
3.176355361938476562e-02
4.201364517211914062e-02
3.952145576477050781e-02
4.124903678894042969e-02
3.481817245483398438e-02
3.689861297607421875e-02
3.109908103942871094e-02
4.042267799377441406e-02
4.344844818115234375e-02
3.011846542358398438e-02
4.088377952575683594e-02
3.270411491394042969e-02
4.909086227416992188e-02
3.153395652770996094e-02
4.301452636718750000e-02
3.741645812988281250e-02
4.067039489746093750e-02
3.013420104980468750e-02
3.647756576538085938e-02
4.044151306152343750e-02
3.693318367004394531e-02
3.712725639343261719e-02
5.039429664611816406e-02
2.995896339416503906e-02
4.038619995117187500e-02
3.057503700256347656e-02
3.450202941894531250e-02
3.447341918945312500e-02
3.711628913879394531e-02
4.155826568603515625e-02
3.761005401611328125e-02
4.387235641479492188e-02
3.652167320251464844e-02
4.118061065673828125e-02
3.907823562622070312e-02
4.181313514709472656e-02
3.739619255065917969e-02
2.884912490844726562e-02
3.177762031555175781e-02
3.540325164794921875e-02
3.771448135375976562e-02
4.218316078186035156e-02
4.271221160888671875e-02
3.254294395446777344e-02
4.280734062194824219e-02
3.696107864379882812e-02
3.686642646789550781e-02
3.956341743469238281e-02
3.372287750244140625e-02
4.774713516235351562e-02
3.187799453735351562e-02
2.773904800415039062e-02
3.277039527893066406e-02
3.343248367309570312e-02
3.163909912109375000e-02
3.584003448486328125e-02
4.121661186218261719e-02
2.795433998107910156e-02
3.240013122558593750e-02
3.077006340026855469e-02
4.783487319946289062e-02
3.477764129638671875e-02
4.291248321533203125e-02
3.783416748046875000e-02
3.247189521789550781e-02
4.152965545654296875e-02
3.132510185241699219e-02
3.985905647277832031e-02
3.819727897644042969e-02
3.817224502563476562e-02
3.818130493164062500e-02
3.214597702026367188e-02
3.382158279418945312e-02
3.960204124450683594e-02
3.368186950683593750e-02
3.920364379882812500e-02
3.060865402221679688e-02
3.639268875122070312e-02
2.712965011596679688e-02
3.550648689270019531e-02
4.241895675659179688e-02
3.860569000244140625e-02
3.282427787780761719e-02
3.548622131347656250e-02
4.041862487792968750e-02
4.025578498840332031e-02
3.265833854675292969e-02
3.239178657531738281e-02
3.425478935241699219e-02
3.794813156127929688e-02
4.152941703796386719e-02
3.113913536071777344e-02
3.908753395080566406e-02
4.350090026855468750e-02
3.426837921142578125e-02
3.399538993835449219e-02
3.852772712707519531e-02
4.219031333923339844e-02
3.075098991394042969e-02
3.115820884704589844e-02
3.658914566040039062e-02
3.396916389465332031e-02
3.914237022399902344e-02
3.639817237854003906e-02
4.163050651550292969e-02
3.395223617553710938e-02
4.110717773437500000e-02
4.977917671203613281e-02
4.677057266235351562e-02
3.101253509521484375e-02
3.736233711242675781e-02
3.802657127380371094e-02
3.636908531188964844e-02
4.765582084655761719e-02
4.539275169372558594e-02
3.954029083251953125e-02
3.175306320190429688e-02
3.442788124084472656e-02
3.234076499938964844e-02
4.406881332397460938e-02
3.125000000000000000e-02
3.343057632446289062e-02
4.052019119262695312e-02
3.787136077880859375e-02
3.981900215148925781e-02
3.310942649841308594e-02
3.353857994079589844e-02
3.869247436523437500e-02
2.825403213500976562e-02
3.993201255798339844e-02
3.585529327392578125e-02
3.971862792968750000e-02
4.162621498107910156e-02
3.354954719543457031e-02
4.254579544067382812e-02
3.786468505859375000e-02
3.146576881408691406e-02
4.328131675720214844e-02
2.753806114196777344e-02
4.408335685729980469e-02
3.602695465087890625e-02
2.724766731262207031e-02
3.049921989440917969e-02
2.774572372436523438e-02
3.740644454956054688e-02
3.822660446166992188e-02
4.091095924377441406e-02
3.249788284301757812e-02
3.633999824523925781e-02
3.476572036743164062e-02
3.953599929809570312e-02
4.029679298400878906e-02
2.984237670898437500e-02
3.465414047241210938e-02
3.374743461608886719e-02
3.721284866333007812e-02
3.300857543945312500e-02
3.416371345520019531e-02
3.891468048095703125e-02
4.112482070922851562e-02
4.048109054565429688e-02
3.201889991760253906e-02
