2.789049148559570312e-01
3.633403778076171875e-02
4.044580459594726562e-02
4.234218597412109375e-02
3.853154182434082031e-02
3.816199302673339844e-02
3.474664688110351562e-02
3.666043281555175781e-02
3.485465049743652344e-02
4.312705993652343750e-02
2.653694152832031250e-02
3.767132759094238281e-02
3.234457969665527344e-02
3.211212158203125000e-02
3.678727149963378906e-02
3.311753273010253906e-02
4.351973533630371094e-02
3.983902931213378906e-02
3.626608848571777344e-02
4.415059089660644531e-02
3.257799148559570312e-02
3.889441490173339844e-02
3.007388114929199219e-02
2.513074874877929688e-02
2.712631225585937500e-02
3.984880447387695312e-02
3.436732292175292969e-02
2.632141113281250000e-02
2.938652038574218750e-02
2.875614166259765625e-02
3.615808486938476562e-02
2.451181411743164062e-02
1.722741127014160156e-02
3.743624687194824219e-02
4.266142845153808594e-02
3.056073188781738281e-02
3.312087059020996094e-02
4.465460777282714844e-02
2.593564987182617188e-02
3.737902641296386719e-02
3.912377357482910156e-02
4.187989234924316406e-02
2.982711791992187500e-02
3.599762916564941406e-02
3.706479072570800781e-02
3.858566284179687500e-02
2.298164367675781250e-02
3.231430053710937500e-02
4.073858261108398438e-02
2.413892745971679688e-02
3.285074234008789062e-02
4.434180259704589844e-02
3.654932975769042969e-02
4.087305068969726562e-02
4.401898384094238281e-02
3.280448913574218750e-02
3.890132904052734375e-02
4.700422286987304688e-02
4.127025604248046875e-02
2.903485298156738281e-02
3.798484802246093750e-02
2.998590469360351562e-02
2.402901649475097656e-02
2.964758872985839844e-02
3.790616989135742188e-02
3.393554687500000000e-02
4.549098014831542969e-02
3.461837768554687500e-02
3.999447822570800781e-02
3.211021423339843750e-02
2.812075614929199219e-02
3.878855705261230469e-02
2.406096458435058594e-02
2.192807197570800781e-02
2.852177619934082031e-02
4.453277587890625000e-02
4.001092910766601562e-02
4.285192489624023438e-02
4.418563842773437500e-02
4.068064689636230469e-02
3.694868087768554688e-02
4.005837440490722656e-02
3.561258316040039062e-02
3.296899795532226562e-02
3.200912475585937500e-02
4.088306427001953125e-02
3.400492668151855469e-02
3.223562240600585938e-02
4.163885116577148438e-02
3.966689109802246094e-02
3.189921379089355469e-02
3.327822685241699219e-02
3.380393981933593750e-02
3.624081611633300781e-02
3.484511375427246094e-02
4.541373252868652344e-02
3.511404991149902344e-02
3.994321823120117188e-02
4.099917411804199219e-02
3.161478042602539062e-02
4.012727737426757812e-02
3.783965110778808594e-02
4.106259346008300781e-02
3.964090347290039062e-02
3.398156166076660156e-02
4.146265983581542969e-02
3.280210494995117188e-02
3.196001052856445312e-02
3.134059906005859375e-02
3.470969200134277344e-02
3.177857398986816406e-02
3.927135467529296875e-02
4.244017601013183594e-02
4.537153244018554688e-02
2.877926826477050781e-02
3.558492660522460938e-02
3.389310836791992188e-02
2.423214912414550781e-02
3.849554061889648438e-02
3.512811660766601562e-02
2.482295036315917969e-02
4.042100906372070312e-02
2.406454086303710938e-02
3.931689262390136719e-02
4.664397239685058594e-02
4.046440124511718750e-02
3.390908241271972656e-02
2.446222305297851562e-02
3.590893745422363281e-02
4.026079177856445312e-02
3.205585479736328125e-02
2.401638031005859375e-02
4.790902137756347656e-02
2.406620979309082031e-02
3.569388389587402344e-02
4.798245429992675781e-02
3.615117073059082031e-02
3.207564353942871094e-02
4.290962219238281250e-02
3.543448448181152344e-02
4.012393951416015625e-02
4.344201087951660156e-02
4.529809951782226562e-02
4.375553131103515625e-02
4.025268554687500000e-02
4.344964027404785156e-02
3.169560432434082031e-02
3.868174552917480469e-02
3.699064254760742188e-02
3.672456741333007812e-02
2.396082878112792969e-02
3.250646591186523438e-02
3.702783584594726562e-02
4.011964797973632812e-02
2.703547477722167969e-02
2.827334403991699219e-02
1.967000961303710938e-02
3.080892562866210938e-02
2.329349517822265625e-02
3.235411643981933594e-02
2.398896217346191406e-02
3.522562980651855469e-02
3.572821617126464844e-02
3.754830360412597656e-02
2.408814430236816406e-02
3.899788856506347656e-02
2.830100059509277344e-02
3.206086158752441406e-02
3.255867958068847656e-02
3.484749794006347656e-02
4.563975334167480469e-02
3.973770141601562500e-02
3.063535690307617188e-02
2.974081039428710938e-02
3.207802772521972656e-02
3.391575813293457031e-02
4.257559776306152344e-02
3.645849227905273438e-02
4.053616523742675781e-02
2.943682670593261719e-02
3.493952751159667969e-02
2.782583236694335938e-02
3.732085227966308594e-02
3.588128089904785156e-02
2.482414245605468750e-02
4.317283630371093750e-02
4.237127304077148438e-02
3.740262985229492188e-02
4.189395904541015625e-02
1.168203353881835938e-02
2.134966850280761719e-02
3.103613853454589844e-02
2.254676818847656250e-02
3.493642807006835938e-02
3.428697586059570312e-02
3.321170806884765625e-02
3.126621246337890625e-02
4.020404815673828125e-02
2.990627288818359375e-02
4.416728019714355469e-02
3.374409675598144531e-02
2.174639701843261719e-02
4.443883895874023438e-02
3.211522102355957031e-02
4.068446159362792969e-02
3.746628761291503906e-02
3.100156784057617188e-02
3.325605392456054688e-02
3.719806671142578125e-02
3.635168075561523438e-02
4.509401321411132812e-02
4.852867126464843750e-02
3.912091255187988281e-02
3.627729415893554688e-02
2.963376045227050781e-02
4.032206535339355469e-02
3.312897682189941406e-02
3.985857963562011719e-02
3.205013275146484375e-02
3.801918029785156250e-02
3.727602958679199219e-02
3.209590911865234375e-02
4.981589317321777344e-02
3.809547424316406250e-02
3.485369682312011719e-02
3.517746925354003906e-02
4.395794868469238281e-02
2.529406547546386719e-02
2.981853485107421875e-02
2.809333801269531250e-02
4.187369346618652344e-02
4.403471946716308594e-02
4.962635040283203125e-02
3.584766387939453125e-02
2.765870094299316406e-02
3.941726684570312500e-02
4.534626007080078125e-02
3.685998916625976562e-02
3.928112983703613281e-02
4.920315742492675781e-02
3.747487068176269531e-02
3.209662437438964844e-02
3.200340270996093750e-02
2.480077743530273438e-02
3.201556205749511719e-02
3.776407241821289062e-02
3.268194198608398438e-02
3.868818283081054688e-02
4.658198356628417969e-02
3.978562355041503906e-02
2.411937713623046875e-02
3.739428520202636719e-02
4.055023193359375000e-02
4.220843315124511719e-02
4.294896125793457031e-02
4.294157028198242188e-02
3.303885459899902344e-02
4.378890991210937500e-02
4.141640663146972656e-02
4.287338256835937500e-02
3.213047981262207031e-02
3.208017349243164062e-02
4.041600227355957031e-02
3.861355781555175781e-02
3.658151626586914062e-02
4.744386672973632812e-02
3.025436401367187500e-02
4.030990600585937500e-02
3.759551048278808594e-02
4.000139236450195312e-02
3.067922592163085938e-02
3.272747993469238281e-02
4.291749000549316406e-02
3.199744224548339844e-02
3.724431991577148438e-02
4.688763618469238281e-02
3.796505928039550781e-02
2.980017662048339844e-02
3.663468360900878906e-02
3.216886520385742188e-02
2.583289146423339844e-02
3.740763664245605469e-02
3.090643882751464844e-02
3.204464912414550781e-02
3.935647010803222656e-02
3.430962562561035156e-02
2.705383300781250000e-02
3.800964355468750000e-02
4.262280464172363281e-02
3.517150878906250000e-02
3.443431854248046875e-02
3.528785705566406250e-02
4.163694381713867188e-02
3.220248222351074219e-02
3.130650520324707031e-02
3.253936767578125000e-02
3.219747543334960938e-02
3.518843650817871094e-02
2.779793739318847656e-02
3.220295906066894531e-02
4.417777061462402344e-02
4.035305976867675781e-02
3.943681716918945312e-02
3.355526924133300781e-02
2.731490135192871094e-02
3.213477134704589844e-02
3.238749504089355469e-02
4.263734817504882812e-02
4.518890380859375000e-02
3.670692443847656250e-02
3.477740287780761719e-02
1.752138137817382812e-02
2.315855026245117188e-02
3.301477432250976562e-02
3.199219703674316406e-02
4.056620597839355469e-02
3.349852561950683594e-02
5.023503303527832031e-02
3.581261634826660156e-02
2.884507179260253906e-02
3.604364395141601562e-02
3.596591949462890625e-02
1.962399482727050781e-02
2.662992477416992188e-02
3.839492797851562500e-02
3.185153007507324219e-02
4.248619079589843750e-02
2.638387680053710938e-02
3.799176216125488281e-02
4.074931144714355469e-02
3.996968269348144531e-02
4.204082489013671875e-02
3.578019142150878906e-02
3.038191795349121094e-02
2.486348152160644531e-02
3.223633766174316406e-02
3.220677375793457031e-02
3.189396858215332031e-02
4.859304428100585938e-02
3.670001029968261719e-02
3.198647499084472656e-02
3.666424751281738281e-02
3.936481475830078125e-02
4.734325408935546875e-02
4.291200637817382812e-02
4.602169990539550781e-02
3.617668151855468750e-02
4.035925865173339844e-02
3.198075294494628906e-02
4.009056091308593750e-02
3.549122810363769531e-02
3.667211532592773438e-02
2.921819686889648438e-02
3.514766693115234375e-02
3.403759002685546875e-02
3.510117530822753906e-02
4.201412200927734375e-02
3.199887275695800781e-02
3.210234642028808594e-02
3.012895584106445312e-02
4.001212120056152344e-02
2.964019775390625000e-02
4.079294204711914062e-02
4.185485839843750000e-02
3.045487403869628906e-02
3.644084930419921875e-02
3.581428527832031250e-02
3.418207168579101562e-02
3.997015953063964844e-02
3.530931472778320312e-02
3.415513038635253906e-02
4.084944725036621094e-02
3.048157691955566406e-02
2.429199218750000000e-02
3.804135322570800781e-02
4.593515396118164062e-02
3.192257881164550781e-02
4.064369201660156250e-02
3.807783126831054688e-02
4.276895523071289062e-02
3.419208526611328125e-02
3.605008125305175781e-02
3.414487838745117188e-02
3.765726089477539062e-02
3.095078468322753906e-02
3.447389602661132812e-02
4.013347625732421875e-02
3.312706947326660156e-02
2.122306823730468750e-02
3.498101234436035156e-02
3.677368164062500000e-02
2.995443344116210938e-02
3.017902374267578125e-02
4.446744918823242188e-02
2.555465698242187500e-02
4.236960411071777344e-02
3.658652305603027344e-02
3.207850456237792969e-02
3.953409194946289062e-02
2.551603317260742188e-02
3.730487823486328125e-02
4.287672042846679688e-02
3.699970245361328125e-02
3.265833854675292969e-02
3.682184219360351562e-02
4.554939270019531250e-02
3.688287734985351562e-02
3.976988792419433594e-02
3.984761238098144531e-02
3.191852569580078125e-02
3.791546821594238281e-02
4.005789756774902344e-02
4.311442375183105469e-02
2.469348907470703125e-02
3.338170051574707031e-02
2.744913101196289062e-02
3.896236419677734375e-02
3.745293617248535156e-02
3.276276588439941406e-02
3.210425376892089844e-02
1.930046081542968750e-02
3.303146362304687500e-02
3.207087516784667969e-02
4.149603843688964844e-02
2.787351608276367188e-02
3.281354904174804688e-02
3.925752639770507812e-02
4.121971130371093750e-02
2.563786506652832031e-02
4.194784164428710938e-02
4.794979095458984375e-02
4.150390625000000000e-02
3.461885452270507812e-02
4.015374183654785156e-02
4.226136207580566406e-02
3.971505165100097656e-02
3.328943252563476562e-02
3.293991088867187500e-02
2.359080314636230469e-02
3.497433662414550781e-02
3.550791740417480469e-02
3.347778320312500000e-02
2.603888511657714844e-02
3.677916526794433594e-02
2.437376976013183594e-02
3.203821182250976562e-02
3.533649444580078125e-02
3.439188003540039062e-02
2.984166145324707031e-02
4.541134834289550781e-02
2.424550056457519531e-02
3.991293907165527344e-02
3.295469284057617188e-02
2.662444114685058594e-02
1.542806625366210938e-02
2.537679672241210938e-02
3.461623191833496094e-02
4.318523406982421875e-02
4.128098487854003906e-02
3.749895095825195312e-02
4.457068443298339844e-02
3.155589103698730469e-02
4.047322273254394531e-02
3.307604789733886719e-02
3.177785873413085938e-02
3.726720809936523438e-02
3.330564498901367188e-02
4.194593429565429688e-02
3.697514533996582031e-02
3.304243087768554688e-02
3.256249427795410156e-02
3.200578689575195312e-02
3.497290611267089844e-02
3.698563575744628906e-02
3.262734413146972656e-02
3.178954124450683594e-02
4.446196556091308594e-02
3.236603736877441406e-02
3.881621360778808594e-02
3.631258010864257812e-02
2.832603454589843750e-02
3.433537483215332031e-02
3.554797172546386719e-02
3.627014160156250000e-02
3.593230247497558594e-02
3.741550445556640625e-02
3.882169723510742188e-02
2.515459060668945312e-02
2.904725074768066406e-02
2.703046798706054688e-02
3.497529029846191406e-02
3.700304031372070312e-02
4.670119285583496094e-02
4.020643234252929688e-02
3.945016860961914062e-02
3.458166122436523438e-02
3.617024421691894531e-02
2.399921417236328125e-02
3.431129455566406250e-02
3.382158279418945312e-02
