2.746999263763427734e-01
3.218221664428710938e-02
3.988528251647949219e-02
1.987099647521972656e-02
2.037739753723144531e-02
1.006603240966796875e-02
2.259898185729980469e-02
2.813410758972167969e-02
1.612401008605957031e-02
2.440571784973144531e-02
2.396297454833984375e-02
1.816129684448242188e-02
1.640582084655761719e-02
1.536297798156738281e-02
1.948189735412597656e-02
1.716494560241699219e-02
1.734137535095214844e-02
4.027581214904785156e-02
2.060914039611816406e-02
2.654314041137695312e-02
2.720665931701660156e-02
3.840851783752441406e-02
2.010369300842285156e-02
3.462600708007812500e-02
3.362512588500976562e-02
4.979681968688964844e-02
3.530168533325195312e-02
3.536963462829589844e-02
4.090380668640136719e-02
3.657698631286621094e-02
3.984141349792480469e-02
4.545354843139648438e-02
4.415702819824218750e-02
4.081583023071289062e-02
4.428029060363769531e-02
4.263257980346679688e-02
3.998303413391113281e-02
4.401588439941406250e-02
3.987312316894531250e-02
4.955148696899414062e-02
3.636884689331054688e-02
4.953145980834960938e-02
4.050898551940917969e-02
3.011059761047363281e-02
4.197382926940917969e-02
4.175901412963867188e-02
3.245711326599121094e-02
3.949999809265136719e-02
3.049087524414062500e-02
3.946018218994140625e-02
3.765034675598144531e-02
3.789663314819335938e-02
4.098200798034667969e-02
5.171608924865722656e-02
3.073835372924804688e-02
3.831171989440917969e-02
3.423023223876953125e-02
4.124879837036132812e-02
3.957462310791015625e-02
4.234647750854492188e-02
3.403162956237792969e-02
3.288388252258300781e-02
3.618907928466796875e-02
3.893780708312988281e-02
3.353691101074218750e-02
4.057526588439941406e-02
4.944348335266113281e-02
4.134774208068847656e-02
4.042840003967285156e-02
4.182100296020507812e-02
4.027247428894042969e-02
4.108738899230957031e-02
3.657793998718261719e-02
5.048871040344238281e-02
3.322410583496093750e-02
4.788184165954589844e-02
3.270125389099121094e-02
2.445006370544433594e-02
3.973388671875000000e-02
3.270602226257324219e-02
2.980709075927734375e-02
3.614950180053710938e-02
4.139423370361328125e-02
4.798960685729980469e-02
4.825854301452636719e-02
4.976630210876464844e-02
3.924512863159179688e-02
4.528760910034179688e-02
3.999710083007812500e-02
4.468345642089843750e-02
3.466796875000000000e-02
4.274153709411621094e-02
3.231143951416015625e-02
4.018735885620117188e-02
4.871559143066406250e-02
3.816890716552734375e-02
4.160428047180175781e-02
4.304313659667968750e-02
4.000067710876464844e-02
3.805088996887207031e-02
4.768037796020507812e-02
2.936911582946777344e-02
3.482341766357421875e-02
3.195476531982421875e-02
3.263616561889648438e-02
5.126380920410156250e-02
3.580331802368164062e-02
4.371333122253417969e-02
4.645705223083496094e-02
3.903722763061523438e-02
4.178571701049804688e-02
3.799223899841308594e-02
3.016209602355957031e-02
4.499816894531250000e-02
3.821372985839843750e-02
3.630805015563964844e-02
4.297232627868652344e-02
3.324985504150390625e-02
2.039957046508789062e-02
2.661156654357910156e-02
3.031730651855468750e-02
4.010701179504394531e-02
3.478741645812988281e-02
5.016541481018066406e-02
4.120302200317382812e-02
3.980088233947753906e-02
4.450559616088867188e-02
4.068207740783691406e-02
4.930925369262695312e-02
4.594469070434570312e-02
3.977370262145996094e-02
4.030513763427734375e-02
5.036449432373046875e-02
3.702187538146972656e-02
4.173779487609863281e-02
4.241466522216796875e-02
3.529548645019531250e-02
3.135871887207031250e-02
3.296518325805664062e-02
4.385232925415039062e-02
3.226351737976074219e-02
4.292345046997070312e-02
4.415225982666015625e-02
3.135704994201660156e-02
4.317355155944824219e-02
4.566693305969238281e-02
3.980517387390136719e-02
3.012514114379882812e-02
4.883646965026855469e-02
4.413747787475585938e-02
2.361845970153808594e-02
4.839015007019042969e-02
3.182363510131835938e-02
4.234862327575683594e-02
4.178547859191894531e-02
5.322957038879394531e-02
4.079580307006835938e-02
4.616975784301757812e-02
3.215932846069335938e-02
4.283261299133300781e-02
4.191350936889648438e-02
4.242658615112304688e-02
3.630685806274414062e-02
4.314279556274414062e-02
4.209566116333007812e-02
4.574704170227050781e-02
3.657984733581542969e-02
4.146432876586914062e-02
4.234981536865234375e-02
5.395555496215820312e-02
3.188633918762207031e-02
4.112911224365234375e-02
4.695415496826171875e-02
3.440523147583007812e-02
1.454854011535644531e-02
3.085684776306152344e-02
2.166438102722167969e-02
1.667642593383789062e-02
1.856136322021484375e-02
1.962518692016601562e-02
2.327513694763183594e-02
2.197360992431640625e-02
3.522586822509765625e-02
2.743697166442871094e-02
1.622891426086425781e-02
3.660202026367187500e-02
1.876664161682128906e-02
2.192258834838867188e-02
1.086354255676269531e-02
3.076028823852539062e-02
2.209758758544921875e-02
3.625249862670898438e-02
1.234769821166992188e-02
3.462195396423339844e-02
2.056717872619628906e-02
2.089118957519531250e-02
2.082443237304687500e-02
2.704977989196777344e-02
2.208280563354492188e-02
3.021144866943359375e-02
2.633047103881835938e-02
3.251504898071289062e-02
2.183127403259277344e-02
2.981638908386230469e-02
3.327083587646484375e-02
3.689718246459960938e-02
4.500699043273925781e-02
2.977132797241210938e-02
2.617979049682617188e-02
4.122495651245117188e-02
1.500248908996582031e-02
2.966094017028808594e-02
3.095817565917968750e-02
2.860188484191894531e-02
3.055906295776367188e-02
3.308463096618652344e-02
2.163600921630859375e-02
3.058457374572753906e-02
1.922798156738281250e-02
3.371858596801757812e-02
8.396148681640625000e-03
3.065967559814453125e-02
2.796316146850585938e-02
3.726911544799804688e-02
2.964353561401367188e-02
2.904152870178222656e-02
2.742481231689453125e-02
1.573657989501953125e-02
3.420925140380859375e-02
3.435397148132324219e-02
2.240228652954101562e-02
3.819704055786132812e-02
2.576994895935058594e-02
2.967429161071777344e-02
2.827191352844238281e-02
2.610349655151367188e-02
2.900171279907226562e-02
2.907156944274902344e-02
3.725123405456542969e-02
2.992606163024902344e-02
2.916526794433593750e-02
2.189087867736816406e-02
3.026747703552246094e-02
2.445149421691894531e-02
3.346967697143554688e-02
2.794957160949707031e-02
2.005267143249511719e-02
3.148007392883300781e-02
4.183745384216308594e-02
4.973125457763671875e-02
3.963661193847656250e-02
4.788804054260253906e-02
4.141759872436523438e-02
2.794313430786132812e-02
4.023647308349609375e-02
2.744293212890625000e-02
3.761458396911621094e-02
3.273892402648925781e-02
3.176355361938476562e-02
3.035855293273925781e-02
3.777074813842773438e-02
2.968263626098632812e-02
2.775025367736816406e-02
2.753663063049316406e-02
3.962898254394531250e-02
4.312872886657714844e-02
4.209470748901367188e-02
2.945446968078613281e-02
4.463005065917968750e-02
3.667426109313964844e-02
3.777003288269042969e-02
3.250193595886230469e-02
3.238344192504882812e-02
3.238058090209960938e-02
3.233575820922851562e-02
3.124809265136718750e-02
4.255032539367675781e-02
3.171658515930175781e-02
3.440952301025390625e-02
2.346682548522949219e-02
3.749132156372070312e-02
3.569984436035156250e-02
3.936553001403808594e-02
3.242444992065429688e-02
2.841424942016601562e-02
3.593206405639648438e-02
3.703022003173828125e-02
3.885388374328613281e-02
4.143095016479492188e-02
3.337502479553222656e-02
2.653336524963378906e-02
3.814578056335449219e-02
3.873062133789062500e-02
2.737021446228027344e-02
2.774596214294433594e-02
4.200720787048339844e-02
3.641486167907714844e-02
3.274250030517578125e-02
3.921270370483398438e-02
4.012823104858398438e-02
3.218460083007812500e-02
3.764057159423828125e-02
3.896522521972656250e-02
4.946041107177734375e-02
5.044078826904296875e-02
4.046773910522460938e-02
3.909921646118164062e-02
3.167605400085449219e-02
4.151248931884765625e-02
2.523970603942871094e-02
4.207444190979003906e-02
3.501129150390625000e-02
4.121232032775878906e-02
3.632259368896484375e-02
4.283308982849121094e-02
2.375268936157226562e-02
3.352594375610351562e-02
2.769207954406738281e-02
3.141069412231445312e-02
3.548574447631835938e-02
3.723216056823730469e-02
2.946305274963378906e-02
4.299426078796386719e-02
3.211855888366699219e-02
3.711724281311035156e-02
3.641843795776367188e-02
2.252388000488281250e-02
3.613829612731933594e-02
3.343009948730468750e-02
2.107310295104980469e-02
2.952933311462402344e-02
3.050565719604492188e-02
3.350043296813964844e-02
3.332471847534179688e-02
3.760433197021484375e-02
3.834533691406250000e-02
3.426051139831542969e-02
3.924298286437988281e-02
2.781081199645996094e-02
1.594161987304687500e-02
1.647543907165527344e-02
3.305912017822265625e-02
3.416824340820312500e-02
4.104399681091308594e-02
3.990030288696289062e-02
3.368735313415527344e-02
3.450584411621093750e-02
3.700113296508789062e-02
3.942036628723144531e-02
3.846025466918945312e-02
3.850150108337402344e-02
3.644943237304687500e-02
3.792738914489746094e-02
3.860330581665039062e-02
3.200101852416992188e-02
3.563809394836425781e-02
2.237248420715332031e-02
4.040646553039550781e-02
3.710651397705078125e-02
3.406214714050292969e-02
2.987861633300781250e-02
3.985786437988281250e-02
3.231453895568847656e-02
3.124475479125976562e-02
4.004478454589843750e-02
4.201316833496093750e-02
2.723717689514160156e-02
2.723145484924316406e-02
3.376245498657226562e-02
2.775216102600097656e-02
4.009795188903808594e-02
1.469087600708007812e-02
2.999997138977050781e-02
3.917026519775390625e-02
2.827334403991699219e-02
3.930425643920898438e-02
3.652453422546386719e-02
3.986144065856933594e-02
3.754830360412597656e-02
4.132843017578125000e-02
4.129719734191894531e-02
4.644536972045898438e-02
3.773570060729980469e-02
3.234839439392089844e-02
3.361964225769042969e-02
4.056596755981445312e-02
5.100011825561523438e-02
4.013323783874511719e-02
4.088664054870605469e-02
3.289413452148437500e-02
4.005455970764160156e-02
4.718756675720214844e-02
3.976130485534667969e-02
3.640103340148925781e-02
3.956604003906250000e-02
3.556323051452636719e-02
2.894139289855957031e-02
3.868484497070312500e-02
3.648734092712402344e-02
3.002357482910156250e-02
3.135800361633300781e-02
3.131103515625000000e-02
4.773545265197753906e-02
3.690719604492187500e-02
2.920317649841308594e-02
3.568530082702636719e-02
4.142069816589355469e-02
2.122163772583007812e-02
3.954625129699707031e-02
4.189562797546386719e-02
4.199981689453125000e-02
3.435015678405761719e-02
3.028655052185058594e-02
3.829932212829589844e-02
3.568911552429199219e-02
3.628420829772949219e-02
1.635146141052246094e-02
4.278612136840820312e-02
4.102158546447753906e-02
3.948879241943359375e-02
3.998661041259765625e-02
3.875184059143066406e-02
3.197884559631347656e-02
3.634476661682128906e-02
4.000115394592285156e-02
3.472256660461425781e-02
4.724955558776855469e-02
3.990554809570312500e-02
3.156948089599609375e-02
4.226589202880859375e-02
3.986549377441406250e-02
3.021574020385742188e-02
4.175734519958496094e-02
3.895020484924316406e-02
4.043030738830566406e-02
5.017685890197753906e-02
3.654479980468750000e-02
3.652834892272949219e-02
3.504490852355957031e-02
2.457451820373535156e-02
2.920937538146972656e-02
5.003142356872558594e-02
4.018568992614746094e-02
4.453325271606445312e-02
1.865720748901367188e-02
2.581095695495605469e-02
2.888154983520507812e-02
2.921676635742187500e-02
2.976918220520019531e-02
3.682589530944824219e-02
3.708410263061523438e-02
5.040955543518066406e-02
3.873872756958007812e-02
4.641294479370117188e-02
3.558039665222167969e-02
4.548764228820800781e-02
4.046201705932617188e-02
2.824687957763671875e-02
3.530359268188476562e-02
2.918386459350585938e-02
3.288197517395019531e-02
3.012704849243164062e-02
3.836679458618164062e-02
3.208231925964355469e-02
3.997445106506347656e-02
3.315520286560058594e-02
2.367305755615234375e-02
2.853083610534667969e-02
3.264379501342773438e-02
3.896975517272949219e-02
3.920030593872070312e-02
3.843593597412109375e-02
2.623558044433593750e-02
3.746676445007324219e-02
2.886652946472167969e-02
3.396511077880859375e-02
2.804946899414062500e-02
3.615212440490722656e-02
3.553700447082519531e-02
4.864454269409179688e-02
3.930258750915527344e-02
4.958033561706542969e-02
3.267550468444824219e-02
4.593896865844726562e-02
3.930926322937011719e-02
3.280639648437500000e-02
3.956151008605957031e-02
3.299260139465332031e-02
2.975320816040039062e-02
4.222202301025390625e-02
3.368616104125976562e-02
4.011344909667968750e-02
3.621864318847656250e-02
3.985643386840820312e-02
3.166794776916503906e-02
4.606938362121582031e-02
3.895616531372070312e-02
3.261637687683105469e-02
3.962612152099609375e-02
3.180098533630371094e-02
