1.833181381225585938e-01
1.469659805297851562e-02
1.380968093872070312e-02
7.972478866577148438e-03
1.379394531250000000e-02
1.009035110473632812e-02
1.519012451171875000e-02
1.596188545227050781e-02
1.229882240295410156e-02
1.539945602416992188e-02
1.273727416992187500e-02
1.337075233459472656e-02
1.460242271423339844e-02
1.435637474060058594e-02
1.338362693786621094e-02
1.318168640136718750e-02
1.139378547668457031e-02
1.420497894287109375e-02
1.033711433410644531e-02
4.219770431518554688e-03
1.271843910217285156e-02
1.150274276733398438e-02
8.992433547973632812e-03
2.839779853820800781e-02
1.736474037170410156e-02
1.360321044921875000e-02
1.632356643676757812e-02
1.550531387329101562e-02
1.097917556762695312e-02
1.238918304443359375e-02
1.279664039611816406e-02
1.429271697998046875e-02
1.161313056945800781e-02
1.459407806396484375e-02
1.340723037719726562e-02
1.494741439819335938e-02
1.134967803955078125e-02
1.588606834411621094e-02
1.331806182861328125e-02
1.021003723144531250e-02
1.697826385498046875e-02
1.150560379028320312e-02
1.388192176818847656e-02
1.059222221374511719e-02
1.104736328125000000e-02
1.379036903381347656e-02
1.336765289306640625e-02
1.196479797363281250e-02
1.415753364562988281e-02
1.385855674743652344e-02
1.088857650756835938e-02
1.373076438903808594e-02
1.483345031738281250e-02
1.511287689208984375e-02
1.297736167907714844e-02
1.601529121398925781e-02
1.713013648986816406e-02
1.471972465515136719e-02
1.057314872741699219e-02
1.548886299133300781e-02
1.238393783569335938e-02
1.310658454895019531e-02
1.437616348266601562e-02
1.285290718078613281e-02
1.175808906555175781e-02
1.459431648254394531e-02
1.403307914733886719e-02
1.111006736755371094e-02
1.162338256835937500e-02
1.395606994628906250e-02
9.994506835937500000e-03
1.207494735717773438e-02
1.419210433959960938e-02
1.544117927551269531e-02
8.311748504638671875e-03
1.526713371276855469e-02
1.219201087951660156e-02
1.243901252746582031e-02
1.391386985778808594e-02
1.071119308471679688e-02
1.437234878540039062e-02
1.052260398864746094e-02
1.357722282409667969e-02
1.441550254821777344e-02
1.166486740112304688e-02
1.293110847473144531e-02
1.269912719726562500e-02
1.478338241577148438e-02
1.252365112304687500e-02
1.325654983520507812e-02
1.672554016113281250e-02
1.560354232788085938e-02
1.225590705871582031e-02
1.405096054077148438e-02
1.595997810363769531e-02
1.535749435424804688e-02
1.487374305725097656e-02
1.702260971069335938e-02
8.398532867431640625e-03
1.383757591247558594e-02
1.454472541809082031e-02
1.188492774963378906e-02
1.503658294677734375e-02
1.187491416931152344e-02
1.402521133422851562e-02
1.361751556396484375e-02
1.491022109985351562e-02
1.353096961975097656e-02
1.355886459350585938e-02
1.422238349914550781e-02
1.288676261901855469e-02
1.344537734985351562e-02
1.231169700622558594e-02
1.432657241821289062e-02
1.546692848205566406e-02
1.301026344299316406e-02
1.320958137512207031e-02
1.190519332885742188e-02
1.365900039672851562e-02
8.424043655395507812e-03
1.326084136962890625e-02
1.312112808227539062e-02
1.255989074707031250e-02
1.038479804992675781e-02
1.533889770507812500e-02
1.071667671203613281e-02
1.036715507507324219e-02
1.303195953369140625e-02
1.099300384521484375e-02
1.231575012207031250e-02
1.699113845825195312e-02
1.436161994934082031e-02
9.905099868774414062e-03
1.582837104797363281e-02
1.340198516845703125e-02
1.347017288208007812e-02
1.383090019226074219e-02
1.574707031250000000e-02
1.317644119262695312e-02
9.989261627197265625e-03
1.298093795776367188e-02
1.323771476745605469e-02
1.206326484680175781e-02
1.371264457702636719e-02
1.422643661499023438e-02
1.461839675903320312e-02
7.439136505126953125e-03
1.397204399108886719e-02
1.182818412780761719e-02
1.224374771118164062e-02
1.508402824401855469e-02
1.092386245727539062e-02
1.226305961608886719e-02
1.166701316833496094e-02
1.521611213684082031e-02
1.369833946228027344e-02
1.031637191772460938e-02
1.558637619018554688e-02
1.072645187377929688e-02
1.498961448669433594e-02
1.336169242858886719e-02
1.444649696350097656e-02
1.498079299926757812e-02
6.954431533813476562e-03
1.686310768127441406e-02
1.001381874084472656e-02
1.398301124572753906e-02
1.312088966369628906e-02
1.463437080383300781e-02
1.085066795349121094e-02
1.663517951965332031e-02
1.674985885620117188e-02
1.170754432678222656e-02
1.580572128295898438e-02
1.461863517761230469e-02
1.463747024536132812e-02
1.589035987854003906e-02
1.724123954772949219e-02
1.549863815307617188e-02
1.502656936645507812e-02
1.515030860900878906e-02
1.376843452453613281e-02
1.400279998779296875e-02
1.576638221740722656e-02
1.270079612731933594e-02
1.826977729797363281e-02
1.344585418701171875e-02
1.028752326965332031e-02
1.583838462829589844e-02
1.453280448913574219e-02
1.123666763305664062e-02
1.178622245788574219e-02
1.046943664550781250e-02
1.186847686767578125e-02
1.587891578674316406e-02
1.403689384460449219e-02
1.242089271545410156e-02
1.362800598144531250e-02
1.585340499877929688e-02
1.261687278747558594e-02
1.857495307922363281e-02
1.200819015502929688e-02
1.260924339294433594e-02
1.542520523071289062e-02
1.374816894531250000e-02
1.054143905639648438e-02
1.567530632019042969e-02
1.297116279602050781e-02
1.193737983703613281e-02
1.714038848876953125e-02
1.075911521911621094e-02
1.303219795227050781e-02
1.725053787231445312e-02
9.693384170532226562e-03
1.535725593566894531e-02
1.704859733581542969e-02
1.077485084533691406e-02
1.413774490356445312e-02
5.887746810913085938e-03
1.136541366577148438e-02
1.612401008605957031e-02
1.641082763671875000e-02
1.463413238525390625e-02
1.531219482421875000e-02
1.176095008850097656e-02
1.135802268981933594e-02
1.548528671264648438e-02
1.151728630065917969e-02
1.000618934631347656e-02
1.327013969421386719e-02
1.561093330383300781e-02
1.746940612792968750e-02
1.134157180786132812e-02
1.478362083435058594e-02
1.160573959350585938e-02
1.002502441406250000e-02
1.552295684814453125e-02
1.465773582458496094e-02
1.433324813842773438e-02
1.474475860595703125e-02
1.607131958007812500e-02
1.235723495483398438e-02
1.527667045593261719e-02
1.488757133483886719e-02
1.240324974060058594e-02
1.677560806274414062e-02
1.368117332458496094e-02
1.283550262451171875e-02
1.240563392639160156e-02
1.185417175292968750e-02
1.036143302917480469e-02
1.430630683898925781e-02
1.158380508422851562e-02
1.160192489624023438e-02
1.362824440002441406e-02
1.124596595764160156e-02
1.006221771240234375e-02
9.097099304199218750e-03
1.164197921752929688e-02
1.139163970947265625e-02
9.859085083007812500e-03
1.302552223205566406e-02
1.366353034973144531e-02
1.813840866088867188e-02
1.089406013488769531e-02
1.088500022888183594e-02
1.412391662597656250e-02
1.282191276550292969e-02
1.390528678894042969e-02
1.271009445190429688e-02
1.339745521545410156e-02
1.299357414245605469e-02
1.303696632385253906e-02
1.319193840026855469e-02
1.231765747070312500e-02
1.258158683776855469e-02
1.182341575622558594e-02
1.457405090332031250e-02
1.599383354187011719e-02
1.598715782165527344e-02
1.532864570617675781e-02
1.352787017822265625e-02
1.647973060607910156e-02
1.541328430175781250e-02
1.383113861083984375e-02
1.393628120422363281e-02
1.355528831481933594e-02
9.183883666992187500e-03
1.324915885925292969e-02
1.407122611999511719e-02
1.522874832153320312e-02
1.317930221557617188e-02
1.519799232482910156e-02
1.733875274658203125e-02
6.084680557250976562e-03
1.312208175659179688e-02
1.541280746459960938e-02
1.187610626220703125e-02
1.704692840576171875e-02
1.450514793395996094e-02
1.491451263427734375e-02
1.106333732604980469e-02
1.383376121520996094e-02
1.115250587463378906e-02
1.109337806701660156e-02
1.460313796997070312e-02
1.346015930175781250e-02
1.690387725830078125e-02
9.596109390258789062e-03
1.536846160888671875e-02
1.586747169494628906e-02
1.091122627258300781e-02
1.480770111083984375e-02
1.389670372009277344e-02
1.393294334411621094e-02
1.117181777954101562e-02
9.880781173706054688e-03
1.405501365661621094e-02
1.460099220275878906e-02
1.573777198791503906e-02
1.520562171936035156e-02
1.398301124572753906e-02
1.214504241943359375e-02
1.025128364562988281e-02
1.183271408081054688e-02
1.512479782104492188e-02
1.556754112243652344e-02
1.652312278747558594e-02
8.864879608154296875e-03
1.460599899291992188e-02
1.609230041503906250e-02
1.316428184509277344e-02
1.177072525024414062e-02
8.446455001831054688e-03
1.612043380737304688e-02
1.024580001831054688e-02
1.131391525268554688e-02
1.536059379577636719e-02
1.273488998413085938e-02
1.571154594421386719e-02
1.335430145263671875e-02
1.067781448364257812e-02
1.825213432312011719e-02
1.214933395385742188e-02
1.560544967651367188e-02
1.718831062316894531e-02
1.188588142395019531e-02
1.311540603637695312e-02
1.603698730468750000e-02
1.549386978149414062e-02
1.587367057800292969e-02
1.378750801086425781e-02
1.649928092956542969e-02
1.153397560119628906e-02
1.324391365051269531e-02
1.388740539550781250e-02
1.624941825866699219e-02
1.235437393188476562e-02
1.276326179504394531e-02
1.545286178588867188e-02
1.549100875854492188e-02
1.408219337463378906e-02
1.714944839477539062e-02
1.463842391967773438e-02
1.682400703430175781e-02
1.004385948181152344e-02
1.750254631042480469e-02
1.196694374084472656e-02
1.656866073608398438e-02
1.266598701477050781e-02
1.404857635498046875e-02
1.359796524047851562e-02
1.774430274963378906e-02
1.433420181274414062e-02
1.602983474731445312e-02
1.547789573669433594e-02
1.395440101623535156e-02
1.478075981140136719e-02
1.378941535949707031e-02
1.414656639099121094e-02
1.255083084106445312e-02
1.600456237792968750e-02
1.503658294677734375e-02
1.287579536437988281e-02
1.510286331176757812e-02
1.436877250671386719e-02
1.165246963500976562e-02
1.386189460754394531e-02
1.222109794616699219e-02
1.256775856018066406e-02
1.554632186889648438e-02
1.563882827758789062e-02
1.454019546508789062e-02
1.318049430847167969e-02
1.620149612426757812e-02
1.486158370971679688e-02
1.692318916320800781e-02
1.577162742614746094e-02
1.700520515441894531e-02
1.392579078674316406e-02
1.342940330505371094e-02
1.106047630310058594e-02
1.463603973388671875e-02
1.359009742736816406e-02
1.397657394409179688e-02
1.509594917297363281e-02
9.744882583618164062e-03
1.591849327087402344e-02
1.680779457092285156e-02
1.621770858764648438e-02
1.018977165222167969e-02
8.562564849853515625e-03
1.739239692687988281e-02
1.450514793395996094e-02
1.381468772888183594e-02
1.639366149902343750e-02
3.365516662597656250e-03
1.118946075439453125e-02
1.296567916870117188e-02
1.541614532470703125e-02
7.830858230590820312e-03
1.540136337280273438e-02
1.068520545959472656e-02
1.257181167602539062e-02
1.207256317138671875e-02
1.476240158081054688e-02
1.562500000000000000e-02
1.172375679016113281e-02
1.405644416809082031e-02
1.196980476379394531e-02
1.003360748291015625e-02
1.157879829406738281e-02
1.145744323730468750e-02
1.470112800598144531e-02
1.132917404174804688e-02
1.126813888549804688e-02
1.484632492065429688e-02
1.376867294311523438e-02
1.303410530090332031e-02
1.489448547363281250e-02
1.717329025268554688e-02
1.332974433898925781e-02
1.071691513061523438e-02
1.390480995178222656e-02
1.028490066528320312e-02
1.399540901184082031e-02
1.691102981567382812e-02
1.548051834106445312e-02
2.155804634094238281e-02
1.616525650024414062e-02
1.605367660522460938e-02
1.436161994934082031e-02
1.268267631530761719e-02
2.031803131103515625e-02
1.667714118957519531e-02
1.131129264831542969e-02
1.326227188110351562e-02
1.243734359741210938e-02
9.118556976318359375e-03
9.366512298583984375e-03
1.358032226562500000e-02
1.678061485290527344e-02
9.961605072021484375e-03
1.162815093994140625e-02
7.929801940917968750e-03
1.371335983276367188e-02
1.447963714599609375e-02
1.427984237670898438e-02
9.070396423339843750e-03
1.166200637817382812e-02
1.701617240905761719e-02
1.829981803894042969e-02
1.399016380310058594e-02
1.607704162597656250e-02
1.249217987060546875e-02
1.001644134521484375e-02
1.246356964111328125e-02
1.475644111633300781e-02
1.168394088745117188e-02
1.552391052246093750e-02
1.336431503295898438e-02
1.530122756958007812e-02
1.584219932556152344e-02
1.473999023437500000e-02
1.504826545715332031e-02
1.890873908996582031e-02
1.756000518798828125e-02
1.570010185241699219e-02
1.378107070922851562e-02
1.710581779479980469e-02
9.152412414550781250e-03
1.495838165283203125e-02
1.379156112670898438e-02
1.659154891967773438e-02
7.189035415649414062e-03
1.623606681823730469e-02
1.430487632751464844e-02
7.977247238159179688e-03
1.460719108581542969e-02
1.461839675903320312e-02
1.767206192016601562e-02
1.706695556640625000e-02
