2.315437793731689453e-01
3.359937667846679688e-02
3.023076057434082031e-02
3.729367256164550781e-02
3.560590744018554688e-02
3.087592124938964844e-02
2.870607376098632812e-02
3.674936294555664062e-02
3.313159942626953125e-02
4.477953910827636719e-02
4.164791107177734375e-02
3.697919845581054688e-02
3.365564346313476562e-02
3.504180908203125000e-02
3.807425498962402344e-02
3.237104415893554688e-02
3.696775436401367188e-02
4.032087326049804688e-02
3.493332862854003906e-02
3.246951103210449219e-02
3.874158859252929688e-02
4.326462745666503906e-02
2.809906005859375000e-02
4.369878768920898438e-02
3.202414512634277344e-02
3.973007202148437500e-02
2.740263938903808594e-02
3.005862236022949219e-02
3.756308555603027344e-02
3.382587432861328125e-02
3.970503807067871094e-02
4.134154319763183594e-02
3.559231758117675781e-02
3.489422798156738281e-02
3.366684913635253906e-02
4.129123687744140625e-02
4.430460929870605469e-02
4.444503784179687500e-02
3.000259399414062500e-02
3.377580642700195312e-02
3.293776512145996094e-02
3.125596046447753906e-02
3.950881958007812500e-02
3.381657600402832031e-02
3.577375411987304688e-02
3.879332542419433594e-02
3.300857543945312500e-02
3.556132316589355469e-02
3.474640846252441406e-02
4.051613807678222656e-02
3.112077713012695312e-02
3.285193443298339844e-02
3.559565544128417969e-02
4.004478454589843750e-02
3.385376930236816406e-02
4.570603370666503906e-02
2.981185913085937500e-02
2.952814102172851562e-02
3.994631767272949219e-02
4.010725021362304688e-02
3.327751159667968750e-02
3.770947456359863281e-02
3.837823867797851562e-02
3.707623481750488281e-02
2.817654609680175781e-02
3.136992454528808594e-02
3.807687759399414062e-02
2.860999107360839844e-02
3.832554817199707031e-02
3.634524345397949219e-02
4.914188385009765625e-02
3.879523277282714844e-02
4.184937477111816406e-02
3.884625434875488281e-02
3.228688240051269531e-02
3.990530967712402344e-02
3.165984153747558594e-02
2.740931510925292969e-02
4.161763191223144531e-02
3.882956504821777344e-02
4.023218154907226562e-02
3.911566734313964844e-02
3.378796577453613281e-02
3.452467918395996094e-02
2.683067321777343750e-02
4.040360450744628906e-02
4.041171073913574219e-02
4.025721549987792969e-02
4.054427146911621094e-02
2.871656417846679688e-02
4.014015197753906250e-02
3.182196617126464844e-02
3.137207031250000000e-02
3.362298011779785156e-02
3.606128692626953125e-02
3.136897087097167969e-02
3.242659568786621094e-02
4.024720191955566406e-02
3.517317771911621094e-02
4.008293151855468750e-02
3.533887863159179688e-02
3.835606575012207031e-02
3.176665306091308594e-02
3.330230712890625000e-02
3.993988037109375000e-02
3.785324096679687500e-02
3.148436546325683594e-02
2.054476737976074219e-02
4.261779785156250000e-02
4.829335212707519531e-02
3.217339515686035156e-02
3.929853439331054688e-02
3.982734680175781250e-02
4.148125648498535156e-02
4.318714141845703125e-02
4.878520965576171875e-02
3.683638572692871094e-02
3.300762176513671875e-02
4.368066787719726562e-02
3.231143951416015625e-02
4.343700408935546875e-02
3.964328765869140625e-02
3.116083145141601562e-02
3.843045234680175781e-02
4.429268836975097656e-02
3.295302391052246094e-02
4.011058807373046875e-02
3.730607032775878906e-02
3.601789474487304688e-02
4.032230377197265625e-02
3.344225883483886719e-02
2.715229988098144531e-02
3.855085372924804688e-02
4.123520851135253906e-02
3.708362579345703125e-02
3.644824028015136719e-02
2.751874923706054688e-02
3.268861770629882812e-02
2.207374572753906250e-02
3.564119338989257812e-02
4.108572006225585938e-02
4.215240478515625000e-02
3.142094612121582031e-02
3.494620323181152344e-02
3.158116340637207031e-02
3.316354751586914062e-02
4.364609718322753906e-02
4.898023605346679688e-02
4.268383979797363281e-02
3.278255462646484375e-02
3.754496574401855469e-02
3.998851776123046875e-02
2.734661102294921875e-02
3.523349761962890625e-02
3.361606597900390625e-02
3.671741485595703125e-02
3.102779388427734375e-02
2.890586853027343750e-02
3.541207313537597656e-02
3.784513473510742188e-02
1.856017112731933594e-02
4.639410972595214844e-02
3.801560401916503906e-02
3.527140617370605469e-02
4.184842109680175781e-02
4.001951217651367188e-02
3.676795959472656250e-02
4.495263099670410156e-02
3.966832160949707031e-02
4.018449783325195312e-02
3.935050964355468750e-02
2.652978897094726562e-02
4.744768142700195312e-02
3.179478645324707031e-02
3.291130065917968750e-02
3.028011322021484375e-02
2.880811691284179688e-02
3.661370277404785156e-02
3.244042396545410156e-02
4.116964340209960938e-02
3.620743751525878906e-02
3.236913681030273438e-02
3.708195686340332031e-02
3.410124778747558594e-02
4.446935653686523438e-02
3.671216964721679688e-02
4.633069038391113281e-02
3.375697135925292969e-02
4.416728019714355469e-02
3.249955177307128906e-02
3.802919387817382812e-02
3.892230987548828125e-02
3.535723686218261719e-02
2.542209625244140625e-02
2.949237823486328125e-02
3.772044181823730469e-02
4.285049438476562500e-02
3.941011428833007812e-02
3.851604461669921875e-02
3.404521942138671875e-02
2.901244163513183594e-02
4.850029945373535156e-02
4.582548141479492188e-02
3.396439552307128906e-02
4.025888442993164062e-02
4.417347908020019531e-02
2.726769447326660156e-02
2.329039573669433594e-02
3.295993804931640625e-02
3.972721099853515625e-02
4.048466682434082031e-02
3.613495826721191406e-02
4.173707962036132812e-02
4.741215705871582031e-02
4.156374931335449219e-02
4.745316505432128906e-02
4.009890556335449219e-02
4.309558868408203125e-02
4.132223129272460938e-02
3.961730003356933594e-02
3.878355026245117188e-02
4.006528854370117188e-02
3.197717666625976562e-02
3.133177757263183594e-02
3.907728195190429688e-02
3.562402725219726562e-02
3.784823417663574219e-02
2.798914909362792969e-02
3.272390365600585938e-02
2.865386009216308594e-02
2.077746391296386719e-02
3.186464309692382812e-02
3.925704956054687500e-02
4.186511039733886719e-02
3.114032745361328125e-02
4.170322418212890625e-02
4.909706115722656250e-02
3.555703163146972656e-02
3.801727294921875000e-02
2.971959114074707031e-02
2.990317344665527344e-02
4.693508148193359375e-02
3.299713134765625000e-02
3.098654747009277344e-02
3.993749618530273438e-02
3.631567955017089844e-02
4.013061523437500000e-02
2.999973297119140625e-02
2.598690986633300781e-02
3.469252586364746094e-02
3.956151008605957031e-02
2.134084701538085938e-02
3.176236152648925781e-02
2.805113792419433594e-02
3.630614280700683594e-02
3.266263008117675781e-02
3.866386413574218750e-02
3.122186660766601562e-02
4.184508323669433594e-02
4.831385612487792969e-02
4.073882102966308594e-02
3.328180313110351562e-02
5.114984512329101562e-02
4.389619827270507812e-02
2.952170372009277344e-02
3.284049034118652344e-02
3.697204589843750000e-02
3.934049606323242188e-02
3.822755813598632812e-02
3.173613548278808594e-02
4.162478446960449219e-02
2.941656112670898438e-02
3.789901733398437500e-02
3.955364227294921875e-02
3.396248817443847656e-02
3.680777549743652344e-02
3.267431259155273438e-02
3.995585441589355469e-02
4.181075096130371094e-02
3.919219970703125000e-02
3.994083404541015625e-02
4.216408729553222656e-02
3.277587890625000000e-02
3.430676460266113281e-02
4.044675827026367188e-02
3.489279747009277344e-02
4.203057289123535156e-02
3.517413139343261719e-02
3.422927856445312500e-02
3.622055053710937500e-02
3.580904006958007812e-02
3.266572952270507812e-02
4.123163223266601562e-02
3.339242935180664062e-02
4.186177253723144531e-02
4.911565780639648438e-02
3.611135482788085938e-02
3.761768341064453125e-02
3.799676895141601562e-02
3.504157066345214844e-02
3.298258781433105469e-02
3.547716140747070312e-02
3.167700767517089844e-02
3.685021400451660156e-02
3.973460197448730469e-02
3.485989570617675781e-02
4.121685028076171875e-02
2.835488319396972656e-02
4.414153099060058594e-02
3.928899765014648438e-02
3.745722770690917969e-02
3.398299217224121094e-02
3.926134109497070312e-02
3.099918365478515625e-02
4.427170753479003906e-02
4.007267951965332031e-02
3.853702545166015625e-02
4.154396057128906250e-02
3.962349891662597656e-02
3.883934020996093750e-02
2.135324478149414062e-02
4.007172584533691406e-02
4.080104827880859375e-02
3.220820426940917969e-02
3.185439109802246094e-02
4.122304916381835938e-02
3.834342956542968750e-02
4.030156135559082031e-02
3.306126594543457031e-02
4.423594474792480469e-02
3.369784355163574219e-02
3.411722183227539062e-02
3.636360168457031250e-02
2.960467338562011719e-02
3.316116333007812500e-02
3.479528427124023438e-02
3.768730163574218750e-02
3.318428993225097656e-02
3.127050399780273438e-02
3.418827056884765625e-02
3.191471099853515625e-02
3.990316390991210938e-02
4.007554054260253906e-02
3.119182586669921875e-02
3.316974639892578125e-02
2.848434448242187500e-02
4.121327400207519531e-02
3.728437423706054688e-02
3.518152236938476562e-02
4.173755645751953125e-02
4.076266288757324219e-02
4.707717895507812500e-02
3.476595878601074219e-02
3.308510780334472656e-02
3.404545783996582031e-02
3.969669342041015625e-02
3.355121612548828125e-02
3.162074089050292969e-02
3.441977500915527344e-02
4.649996757507324219e-02
3.853392601013183594e-02
3.178048133850097656e-02
4.024982452392578125e-02
3.941106796264648438e-02
3.148531913757324219e-02
3.200697898864746094e-02
3.892683982849121094e-02
4.010701179504394531e-02
3.957533836364746094e-02
3.206348419189453125e-02
3.210306167602539062e-02
3.168797492980957031e-02
3.299355506896972656e-02
4.313707351684570312e-02
2.996063232421875000e-02
3.488850593566894531e-02
2.890038490295410156e-02
3.583216667175292969e-02
3.913259506225585938e-02
4.031920433044433594e-02
4.447722434997558594e-02
4.419016838073730469e-02
4.006528854370117188e-02
4.371118545532226562e-02
3.755021095275878906e-02
2.238202095031738281e-02
3.570556640625000000e-02
4.332923889160156250e-02
3.312110900878906250e-02
2.406740188598632812e-02
1.975774765014648438e-02
2.501440048217773438e-02
3.913331031799316406e-02
3.438448905944824219e-02
2.004480361938476562e-02
3.731679916381835938e-02
3.857922554016113281e-02
