2.107777595520019531e-01
2.515316009521484375e-02
2.104020118713378906e-02
2.237892150878906250e-02
2.082228660583496094e-02
1.918649673461914062e-02
1.941394805908203125e-02
1.227688789367675781e-02
2.097988128662109375e-02
1.872205734252929688e-02
2.127337455749511719e-02
1.558732986450195312e-02
1.210832595825195312e-02
1.398801803588867188e-02
1.515722274780273438e-02
1.885414123535156250e-02
1.832604408264160156e-02
2.136993408203125000e-02
1.796030998229980469e-02
1.095509529113769531e-02
1.536345481872558594e-02
2.145195007324218750e-02
1.442861557006835938e-02
1.579117774963378906e-02
1.659655570983886719e-02
1.899218559265136719e-02
2.036595344543457031e-02
1.373171806335449219e-02
2.686643600463867188e-02
1.857829093933105469e-02
1.608180999755859375e-02
1.684188842773437500e-02
1.541900634765625000e-02
1.703524589538574219e-02
2.232217788696289062e-02
1.780557632446289062e-02
2.973461151123046875e-02
2.803134918212890625e-02
2.288675308227539062e-02
2.318954467773437500e-02
2.716779708862304688e-02
2.181959152221679688e-02
1.977419853210449219e-02
2.333950996398925781e-02
2.265119552612304688e-02
2.306365966796875000e-02
2.595829963684082031e-02
1.590514183044433594e-02
2.155256271362304688e-02
2.418375015258789062e-02
2.082204818725585938e-02
1.878595352172851562e-02
2.925395965576171875e-02
2.160501480102539062e-02
2.290868759155273438e-02
2.149724960327148438e-02
2.564263343811035156e-02
2.345252037048339844e-02
2.207922935485839844e-02
2.092504501342773438e-02
2.744603157043457031e-02
2.149868011474609375e-02
2.179145812988281250e-02
2.451133728027343750e-02
2.462267875671386719e-02
5.183076858520507812e-02
2.838349342346191406e-02
2.391958236694335938e-02
2.561902999877929688e-02
3.750801086425781250e-02
4.227113723754882812e-02
3.278851509094238281e-02
4.255723953247070312e-02
5.320692062377929688e-02
4.009556770324707031e-02
4.412174224853515625e-02
3.080534934997558594e-02
3.530597686767578125e-02
2.845358848571777344e-02
4.062914848327636719e-02
3.150892257690429688e-02
3.987264633178710938e-02
3.994560241699218750e-02
3.378748893737792969e-02
4.863095283508300781e-02
3.247380256652832031e-02
3.384137153625488281e-02
4.273414611816406250e-02
3.994202613830566406e-02
3.932189941406250000e-02
4.023027420043945312e-02
1.396679878234863281e-02
3.006720542907714844e-02
3.459572792053222656e-02
3.381490707397460938e-02
3.671383857727050781e-02
3.280758857727050781e-02
4.055738449096679688e-02
3.414964675903320312e-02
4.024219512939453125e-02
2.940869331359863281e-02
3.911447525024414062e-02
4.537820816040039062e-02
4.431366920471191406e-02
3.976249694824218750e-02
3.155207633972167969e-02
2.385759353637695312e-02
4.239416122436523438e-02
4.242539405822753906e-02
3.092980384826660156e-02
3.032636642456054688e-02
4.062891006469726562e-02
4.043054580688476562e-02
3.930211067199707031e-02
4.996442794799804688e-02
4.215884208679199219e-02
4.178118705749511719e-02
3.034090995788574219e-02
2.247977256774902344e-02
4.157114028930664062e-02
4.311776161193847656e-02
3.985023498535156250e-02
3.007173538208007812e-02
3.069090843200683594e-02
3.272891044616699219e-02
3.996372222900390625e-02
4.056644439697265625e-02
3.154993057250976562e-02
4.035639762878417969e-02
3.732872009277343750e-02
3.964328765869140625e-02
4.266381263732910156e-02
4.891014099121093750e-02
5.001664161682128906e-02
4.615616798400878906e-02
2.053856849670410156e-02
3.890299797058105469e-02
3.348112106323242188e-02
2.657413482666015625e-02
3.822875022888183594e-02
2.445554733276367188e-02
4.037046432495117188e-02
3.242826461791992188e-02
2.978396415710449219e-02
3.784871101379394531e-02
3.979372978210449219e-02
4.986906051635742188e-02
3.740620613098144531e-02
4.947900772094726562e-02
4.381012916564941406e-02
3.844356536865234375e-02
3.961443901062011719e-02
4.752635955810546875e-02
3.739953041076660156e-02
3.798556327819824219e-02
3.561091423034667969e-02
3.201508522033691406e-02
3.063678741455078125e-02
3.067326545715332031e-02
2.986979484558105469e-02
3.515863418579101562e-02
4.070448875427246094e-02
4.847645759582519531e-02
4.588842391967773438e-02
3.992152214050292969e-02
3.890681266784667969e-02
3.184318542480468750e-02
3.970217704772949219e-02
4.441857337951660156e-02
3.492045402526855469e-02
2.967381477355957031e-02
2.479672431945800781e-02
4.372787475585937500e-02
3.727102279663085938e-02
4.311370849609375000e-02
4.047465324401855469e-02
3.835535049438476562e-02
4.006719589233398438e-02
4.013895988464355469e-02
1.786613464355468750e-02
3.437018394470214844e-02
4.041910171508789062e-02
3.975701332092285156e-02
5.416679382324218750e-02
3.979420661926269531e-02
3.242635726928710938e-02
3.485584259033203125e-02
2.018928527832031250e-02
4.744744300842285156e-02
3.094053268432617188e-02
2.958202362060546875e-02
4.775953292846679688e-02
3.990268707275390625e-02
4.065728187561035156e-02
3.016901016235351562e-02
4.054594039916992188e-02
2.950596809387207031e-02
4.033327102661132812e-02
4.291892051696777344e-02
4.015541076660156250e-02
3.017711639404296875e-02
2.993559837341308594e-02
3.035497665405273438e-02
3.801751136779785156e-02
4.845023155212402344e-02
3.930377960205078125e-02
4.197835922241210938e-02
4.890346527099609375e-02
3.054380416870117188e-02
2.974057197570800781e-02
2.985095977783203125e-02
4.026889801025390625e-02
2.778053283691406250e-02
3.108739852905273438e-02
4.018712043762207031e-02
3.015089035034179688e-02
4.193639755249023438e-02
4.034996032714843750e-02
3.401470184326171875e-02
3.002786636352539062e-02
3.667020797729492188e-02
4.266881942749023438e-02
3.494286537170410156e-02
4.340982437133789062e-02
2.517223358154296875e-02
3.966569900512695312e-02
3.833460807800292969e-02
3.544688224792480469e-02
5.023646354675292969e-02
4.296970367431640625e-02
4.006600379943847656e-02
3.220486640930175781e-02
4.030346870422363281e-02
1.825857162475585938e-02
4.018831253051757812e-02
3.618478775024414062e-02
3.443193435668945312e-02
3.560543060302734375e-02
4.054856300354003906e-02
1.986813545227050781e-02
3.662562370300292969e-02
3.995800018310546875e-02
3.027367591857910156e-02
3.628802299499511719e-02
4.121589660644531250e-02
4.082918167114257812e-02
2.669692039489746094e-02
3.460621833801269531e-02
3.930044174194335938e-02
2.408576011657714844e-02
