2.833459377288818359e-01
3.903770446777343750e-02
3.842973709106445312e-02
3.636598587036132812e-02
3.953576087951660156e-02
2.985262870788574219e-02
2.395558357238769531e-02
3.494000434875488281e-02
3.424978256225585938e-02
3.678488731384277344e-02
3.002047538757324219e-02
4.022026062011718750e-02
2.552413940429687500e-02
3.973817825317382812e-02
3.432583808898925781e-02
3.093028068542480469e-02
3.966546058654785156e-02
2.939915657043457031e-02
3.286576271057128906e-02
3.890943527221679688e-02
3.259038925170898438e-02
2.946949005126953125e-02
3.972649574279785156e-02
3.740549087524414062e-02
3.434634208679199219e-02
2.508187294006347656e-02
3.295540809631347656e-02
3.705024719238281250e-02
4.043126106262207031e-02
3.626704216003417969e-02
3.443765640258789062e-02
3.945088386535644531e-02
3.535413742065429688e-02
3.504800796508789062e-02
3.431844711303710938e-02
4.018282890319824219e-02
3.989481925964355469e-02
3.925848007202148438e-02
3.985023498535156250e-02
3.303766250610351562e-02
3.996276855468750000e-02
2.049326896667480469e-02
4.007935523986816406e-02
3.626823425292968750e-02
3.605341911315917969e-02
3.906583786010742188e-02
3.761529922485351562e-02
4.792976379394531250e-02
2.931642532348632812e-02
4.581022262573242188e-02
3.024506568908691406e-02
3.256702423095703125e-02
3.862285614013671875e-02
3.665447235107421875e-02
3.157734870910644531e-02
4.496788978576660156e-02
3.294849395751953125e-02
3.248739242553710938e-02
1.678562164306640625e-02
3.341603279113769531e-02
3.125619888305664062e-02
3.397607803344726562e-02
4.189634323120117188e-02
3.291320800781250000e-02
1.991653442382812500e-02
3.159523010253906250e-02
2.849769592285156250e-02
3.646731376647949219e-02
2.789235115051269531e-02
4.000186920166015625e-02
3.005862236022949219e-02
3.453302383422851562e-02
3.934669494628906250e-02
2.988338470458984375e-02
4.023313522338867188e-02
3.225994110107421875e-02
3.196167945861816406e-02
2.624011039733886719e-02
4.789209365844726562e-02
3.949403762817382812e-02
1.000475883483886719e-02
3.066372871398925781e-02
3.913974761962890625e-02
3.173303604125976562e-02
3.943753242492675781e-02
3.214931488037109375e-02
3.730916976928710938e-02
2.989292144775390625e-02
3.349637985229492188e-02
3.961873054504394531e-02
4.009151458740234375e-02
3.322410583496093750e-02
4.024147987365722656e-02
3.150105476379394531e-02
2.597570419311523438e-02
4.023694992065429688e-02
3.976130485534667969e-02
3.154206275939941406e-02
3.595709800720214844e-02
4.070949554443359375e-02
2.774000167846679688e-02
3.207969665527343750e-02
4.111194610595703125e-02
2.940845489501953125e-02
3.939032554626464844e-02
3.540587425231933594e-02
2.445340156555175781e-02
2.931404113769531250e-02
2.464747428894042969e-02
3.583288192749023438e-02
4.020833969116210938e-02
3.806805610656738281e-02
3.957939147949218750e-02
3.884649276733398438e-02
2.808451652526855469e-02
4.284882545471191406e-02
3.930807113647460938e-02
2.717757225036621094e-02
3.764820098876953125e-02
3.482007980346679688e-02
2.893924713134765625e-02
3.909420967102050781e-02
2.753186225891113281e-02
4.009294509887695312e-02
3.832745552062988281e-02
4.018306732177734375e-02
3.104400634765625000e-02
2.744746208190917969e-02
3.330802917480468750e-02
3.711652755737304688e-02
3.407478332519531250e-02
3.057050704956054688e-02
2.669501304626464844e-02
3.189086914062500000e-02
4.000878334045410156e-02
3.085231781005859375e-02
3.257822990417480469e-02
2.299070358276367188e-02
2.831125259399414062e-02
1.523423194885253906e-02
4.348397254943847656e-02
3.028869628906250000e-02
3.580737113952636719e-02
3.177571296691894531e-02
2.621674537658691406e-02
2.500939369201660156e-02
4.032230377197265625e-02
2.760696411132812500e-02
3.497004508972167969e-02
3.180575370788574219e-02
3.223896026611328125e-02
2.839541435241699219e-02
3.877139091491699219e-02
3.010487556457519531e-02
3.882598876953125000e-02
3.915381431579589844e-02
3.569602966308593750e-02
3.986215591430664062e-02
3.050565719604492188e-02
2.933716773986816406e-02
3.563952445983886719e-02
3.021383285522460938e-02
2.548241615295410156e-02
3.015661239624023438e-02
2.984929084777832031e-02
4.025745391845703125e-02
3.699636459350585938e-02
3.323101997375488281e-02
3.604555130004882812e-02
2.528119087219238281e-02
3.056001663208007812e-02
1.596808433532714844e-02
3.755068778991699219e-02
3.260517120361328125e-02
4.949426651000976562e-02
3.759264945983886719e-02
2.796220779418945312e-02
3.761243820190429688e-02
3.945350646972656250e-02
2.950072288513183594e-02
3.949737548828125000e-02
4.349064826965332031e-02
3.481626510620117188e-02
3.256893157958984375e-02
3.938722610473632812e-02
3.250932693481445312e-02
3.476333618164062500e-02
3.054475784301757812e-02
3.358769416809082031e-02
3.934574127197265625e-02
4.506945610046386719e-02
2.799320220947265625e-02
3.760838508605957031e-02
3.943085670471191406e-02
3.774714469909667969e-02
4.890537261962890625e-02
2.174711227416992188e-02
3.046107292175292969e-02
3.509545326232910156e-02
3.402233123779296875e-02
2.021479606628417969e-02
3.579473495483398438e-02
2.914071083068847656e-02
3.969264030456542969e-02
3.854727745056152344e-02
2.711558341979980469e-02
3.964948654174804688e-02
2.824544906616210938e-02
2.721762657165527344e-02
3.445887565612792969e-02
4.098176956176757812e-02
2.732181549072265625e-02
4.070615768432617188e-02
4.307103157043457031e-02
3.097319602966308594e-02
3.080940246582031250e-02
3.242421150207519531e-02
2.918839454650878906e-02
3.789901733398437500e-02
3.389215469360351562e-02
3.624701499938964844e-02
2.804780006408691406e-02
3.568053245544433594e-02
1.553678512573242188e-02
2.780175209045410156e-02
3.235030174255371094e-02
2.134132385253906250e-02
3.690791130065917969e-02
3.635120391845703125e-02
2.975201606750488281e-02
3.939557075500488281e-02
1.786899566650390625e-02
4.609870910644531250e-02
4.066610336303710938e-02
2.808713912963867188e-02
2.941131591796875000e-02
3.679585456848144531e-02
2.994585037231445312e-02
5.058026313781738281e-02
2.976894378662109375e-02
3.529143333435058594e-02
3.515410423278808594e-02
2.473354339599609375e-02
3.453087806701660156e-02
3.923368453979492188e-02
2.316904067993164062e-02
3.792119026184082031e-02
2.791810035705566406e-02
3.730487823486328125e-02
3.611040115356445312e-02
4.364514350891113281e-02
3.855514526367187500e-02
2.856445312500000000e-02
3.584003448486328125e-02
3.021788597106933594e-02
4.394149780273437500e-02
4.688620567321777344e-02
3.568792343139648438e-02
4.050588607788085938e-02
2.979803085327148438e-02
3.743410110473632812e-02
2.187776565551757812e-02
1.551389694213867188e-02
2.028012275695800781e-02
2.828311920166015625e-02
3.130841255187988281e-02
3.586840629577636719e-02
1.355934143066406250e-02
3.473305702209472656e-02
2.504420280456542969e-02
3.867411613464355469e-02
3.327155113220214844e-02
3.004264831542968750e-02
4.741978645324707031e-02
2.512335777282714844e-02
3.246355056762695312e-02
3.366327285766601562e-02
2.776408195495605469e-02
3.301167488098144531e-02
4.033923149108886719e-02
3.583693504333496094e-02
3.308057785034179688e-02
2.848291397094726562e-02
3.765869140625000000e-02
3.425121307373046875e-02
3.557682037353515625e-02
