3.066051006317138672e-01
4.345440864562988281e-02
3.621673583984375000e-02
4.574418067932128906e-02
3.357481956481933594e-02
3.249263763427734375e-02
3.610801696777343750e-02
3.516340255737304688e-02
3.590703010559082031e-02
3.995108604431152344e-02
3.315258026123046875e-02
5.182766914367675781e-02
4.030060768127441406e-02
4.126524925231933594e-02
3.920793533325195312e-02
3.626680374145507812e-02
4.045319557189941406e-02
3.129172325134277344e-02
3.956317901611328125e-02
4.372191429138183594e-02
3.740739822387695312e-02
4.235029220581054688e-02
3.995943069458007812e-02
3.222680091857910156e-02
4.038858413696289062e-02
3.969335556030273438e-02
3.920245170593261719e-02
4.264569282531738281e-02
4.973101615905761719e-02
4.282402992248535156e-02
2.992916107177734375e-02
3.641033172607421875e-02
4.660367965698242188e-02
4.444503784179687500e-02
3.117036819458007812e-02
3.206753730773925781e-02
4.237198829650878906e-02
3.538179397583007812e-02
3.998684883117675781e-02
3.003096580505371094e-02
3.261590003967285156e-02
4.283738136291503906e-02
3.482103347778320312e-02
3.857254981994628906e-02
4.203271865844726562e-02
3.400087356567382812e-02
3.348112106323242188e-02
4.488563537597656250e-02
3.700852394104003906e-02
3.294253349304199219e-02
3.380703926086425781e-02
3.755521774291992188e-02
3.618335723876953125e-02
2.912449836730957031e-02
3.796577453613281250e-02
3.355216979980468750e-02
3.886342048645019531e-02
4.281306266784667969e-02
3.557920455932617188e-02
3.496098518371582031e-02
3.585100173950195312e-02
2.996921539306640625e-02
3.640532493591308594e-02
3.181862831115722656e-02
2.966856956481933594e-02
3.950428962707519531e-02
3.655123710632324219e-02
3.995966911315917969e-02
3.898930549621582031e-02
3.913521766662597656e-02
5.464959144592285156e-02
4.069757461547851562e-02
1.626396179199218750e-02
4.171109199523925781e-02
4.508423805236816406e-02
3.356623649597167969e-02
2.985143661499023438e-02
4.072165489196777344e-02
3.335022926330566406e-02
3.282403945922851562e-02
3.926467895507812500e-02
3.187131881713867188e-02
3.747701644897460938e-02
4.021358489990234375e-02
4.198861122131347656e-02
3.699588775634765625e-02
2.198863029479980469e-02
3.125238418579101562e-02
3.698515892028808594e-02
3.316020965576171875e-02
4.397368431091308594e-02
3.644537925720214844e-02
4.428458213806152344e-02
3.976964950561523438e-02
4.505991935729980469e-02
3.551959991455078125e-02
3.959393501281738281e-02
3.144884109497070312e-02
3.178858757019042969e-02
3.971362113952636719e-02
3.825712203979492188e-02
4.070329666137695312e-02
2.977347373962402344e-02
4.140710830688476562e-02
3.235769271850585938e-02
3.996443748474121094e-02
3.630399703979492188e-02
4.232668876647949219e-02
3.711652755737304688e-02
5.689740180969238281e-02
3.432679176330566406e-02
4.055142402648925781e-02
3.948688507080078125e-02
4.526114463806152344e-02
3.965640068054199219e-02
4.415035247802734375e-02
4.044175148010253906e-02
3.061485290527343750e-02
3.473711013793945312e-02
3.637599945068359375e-02
3.138875961303710938e-02
4.348444938659667969e-02
3.983402252197265625e-02
3.862977027893066406e-02
3.402972221374511719e-02
4.189920425415039062e-02
3.421139717102050781e-02
4.998683929443359375e-02
3.165030479431152344e-02
3.973460197448730469e-02
4.008817672729492188e-02
4.178094863891601562e-02
3.986692428588867188e-02
4.498028755187988281e-02
3.226089477539062500e-02
4.010629653930664062e-02
3.179073333740234375e-02
4.159736633300781250e-02
2.945542335510253906e-02
4.942750930786132812e-02
3.539204597473144531e-02
3.004908561706542969e-02
4.114127159118652344e-02
4.411983489990234375e-02
2.857589721679687500e-02
4.213929176330566406e-02
4.308366775512695312e-02
4.828548431396484375e-02
3.013229370117187500e-02
3.430509567260742188e-02
3.509187698364257812e-02
3.991556167602539062e-02
4.117918014526367188e-02
3.905630111694335938e-02
3.204393386840820312e-02
3.500151634216308594e-02
3.227353096008300781e-02
4.190087318420410156e-02
3.453421592712402344e-02
3.035926818847656250e-02
3.935742378234863281e-02
3.820419311523437500e-02
4.026198387145996094e-02
3.956270217895507812e-02
4.212784767150878906e-02
2.884531021118164062e-02
4.350662231445312500e-02
4.896211624145507812e-02
3.937101364135742188e-02
4.037404060363769531e-02
3.990483283996582031e-02
4.784345626831054688e-02
4.499411582946777344e-02
3.013372421264648438e-02
4.692912101745605469e-02
3.895211219787597656e-02
4.830813407897949219e-02
2.996015548706054688e-02
3.868603706359863281e-02
4.321789741516113281e-02
4.024338722229003906e-02
3.340935707092285156e-02
4.657888412475585938e-02
3.588414192199707031e-02
3.986430168151855469e-02
3.060770034790039062e-02
3.386282920837402344e-02
4.727053642272949219e-02
4.785442352294921875e-02
3.919291496276855469e-02
5.023193359375000000e-02
2.900195121765136719e-02
4.054069519042968750e-02
3.960967063903808594e-02
3.510355949401855469e-02
2.980589866638183594e-02
3.747677803039550781e-02
3.951168060302734375e-02
3.938913345336914062e-02
5.597758293151855469e-02
3.835535049438476562e-02
4.255437850952148438e-02
4.180955886840820312e-02
3.441214561462402344e-02
4.093480110168457031e-02
3.520703315734863281e-02
3.982830047607421875e-02
3.899407386779785156e-02
2.970933914184570312e-02
3.042793273925781250e-02
5.085349082946777344e-02
4.598307609558105469e-02
3.735280036926269531e-02
3.880119323730468750e-02
3.017163276672363281e-02
3.842544555664062500e-02
4.106569290161132812e-02
3.257226943969726562e-02
4.168272018432617188e-02
3.199076652526855469e-02
4.075860977172851562e-02
3.824067115783691406e-02
4.644989967346191406e-02
3.141689300537109375e-02
4.554128646850585938e-02
4.246878623962402344e-02
3.891301155090332031e-02
3.677439689636230469e-02
4.087710380554199219e-02
3.035664558410644531e-02
3.372740745544433594e-02
3.308320045471191406e-02
4.294753074645996094e-02
3.337430953979492188e-02
4.118299484252929688e-02
3.171730041503906250e-02
4.119491577148437500e-02
3.655862808227539062e-02
4.281616210937500000e-02
4.749798774719238281e-02
3.829216957092285156e-02
3.005647659301757812e-02
3.089427947998046875e-02
3.199648857116699219e-02
3.972840309143066406e-02
4.440259933471679688e-02
2.982974052429199219e-02
3.491687774658203125e-02
3.140616416931152344e-02
4.047703742980957031e-02
3.138947486877441406e-02
3.814363479614257812e-02
3.377652168273925781e-02
2.853345870971679688e-02
4.535508155822753906e-02
4.837346076965332031e-02
4.319357872009277344e-02
3.252744674682617188e-02
3.120541572570800781e-02
3.908371925354003906e-02
4.317593574523925781e-02
2.342796325683593750e-02
3.783345222473144531e-02
3.285598754882812500e-02
3.884077072143554688e-02
3.058457374572753906e-02
2.914166450500488281e-02
3.923392295837402344e-02
3.760170936584472656e-02
3.318309783935546875e-02
3.339219093322753906e-02
3.785014152526855469e-02
3.364658355712890625e-02
4.803824424743652344e-02
3.739190101623535156e-02
2.288150787353515625e-02
1.985669136047363281e-02
3.830504417419433594e-02
3.637170791625976562e-02
3.616619110107421875e-02
4.293870925903320312e-02
3.654909133911132812e-02
3.686380386352539062e-02
3.595805168151855469e-02
3.547787666320800781e-02
4.067730903625488281e-02
4.043912887573242188e-02
3.020215034484863281e-02
4.664945602416992188e-02
4.883408546447753906e-02
4.465913772583007812e-02
3.810739517211914062e-02
4.569983482360839844e-02
3.509473800659179688e-02
3.997635841369628906e-02
4.747915267944335938e-02
3.642702102661132812e-02
4.192066192626953125e-02
3.640842437744140625e-02
4.431271553039550781e-02
4.528570175170898438e-02
3.571033477783203125e-02
4.431891441345214844e-02
2.775287628173828125e-02
4.246544837951660156e-02
3.678703308105468750e-02
4.828786849975585938e-02
2.918553352355957031e-02
2.908372879028320312e-02
4.088902473449707031e-02
3.251004219055175781e-02
3.356909751892089844e-02
3.371286392211914062e-02
3.760147094726562500e-02
3.382539749145507812e-02
4.278922080993652344e-02
3.859448432922363281e-02
4.009771347045898438e-02
2.811002731323242188e-02
4.145884513854980469e-02
2.422285079956054688e-02
4.477667808532714844e-02
3.120112419128417969e-02
3.080391883850097656e-02
4.424595832824707031e-02
4.156661033630371094e-02
3.963351249694824219e-02
3.078055381774902344e-02
4.020428657531738281e-02
3.311085700988769531e-02
3.687191009521484375e-02
4.299068450927734375e-02
3.233385086059570312e-02
4.764771461486816406e-02
3.680896759033203125e-02
3.966641426086425781e-02
3.701353073120117188e-02
3.323769569396972656e-02
4.550933837890625000e-02
4.609704017639160156e-02
4.053163528442382812e-02
3.706598281860351562e-02
3.310108184814453125e-02
4.178428649902343750e-02
3.265309333801269531e-02
4.790949821472167969e-02
3.598809242248535156e-02
3.255963325500488281e-02
3.974843025207519531e-02
2.761840820312500000e-02
3.610396385192871094e-02
4.892730712890625000e-02
4.048800468444824219e-02
2.931547164916992188e-02
4.079961776733398438e-02
3.947663307189941406e-02
4.425549507141113281e-02
3.968930244445800781e-02
3.653264045715332031e-02
3.617382049560546875e-02
3.899693489074707031e-02
4.794120788574218750e-02
3.247213363647460938e-02
4.118084907531738281e-02
3.519439697265625000e-02
4.027771949768066406e-02
4.155302047729492188e-02
4.327893257141113281e-02
3.977012634277343750e-02
4.403328895568847656e-02
3.696298599243164062e-02
4.307699203491210938e-02
4.127526283264160156e-02
4.006552696228027344e-02
3.991341590881347656e-02
4.251790046691894531e-02
3.825545310974121094e-02
4.792642593383789062e-02
3.371644020080566406e-02
4.257893562316894531e-02
3.880620002746582031e-02
4.273104667663574219e-02
3.302884101867675781e-02
4.376554489135742188e-02
3.982901573181152344e-02
3.964114189147949219e-02
2.811026573181152344e-02
4.171752929687500000e-02
3.576302528381347656e-02
4.007577896118164062e-02
3.645634651184082031e-02
2.957224845886230469e-02
4.065108299255371094e-02
4.198241233825683594e-02
3.236508369445800781e-02
3.762698173522949219e-02
3.820872306823730469e-02
3.308558464050292969e-02
4.040646553039550781e-02
3.909993171691894531e-02
4.206132888793945312e-02
3.236794471740722656e-02
4.768204689025878906e-02
4.293274879455566406e-02
1.980948448181152344e-02
3.825998306274414062e-02
2.964806556701660156e-02
4.220104217529296875e-02
4.430294036865234375e-02
3.281521797180175781e-02
4.274582862854003906e-02
4.216814041137695312e-02
3.562283515930175781e-02
3.760433197021484375e-02
4.844570159912109375e-02
3.665041923522949219e-02
2.923083305358886719e-02
3.678345680236816406e-02
3.746938705444335938e-02
3.665685653686523438e-02
3.376150131225585938e-02
3.814840316772460938e-02
3.638052940368652344e-02
3.764796257019042969e-02
4.795932769775390625e-02
3.974437713623046875e-02
3.154611587524414062e-02
3.315114974975585938e-02
3.323030471801757812e-02
4.402542114257812500e-02
3.882312774658203125e-02
3.950691223144531250e-02
4.020142555236816406e-02
3.221726417541503906e-02
3.228592872619628906e-02
4.169631004333496094e-02
3.820037841796875000e-02
3.877949714660644531e-02
3.781390190124511719e-02
3.983902931213378906e-02
4.264545440673828125e-02
5.045914649963378906e-02
2.870345115661621094e-02
3.910684585571289062e-02
3.924679756164550781e-02
3.227329254150390625e-02
3.165507316589355469e-02
3.816437721252441406e-02
4.481244087219238281e-02
2.875423431396484375e-02
4.777693748474121094e-02
3.948378562927246094e-02
2.506470680236816406e-02
3.313326835632324219e-02
3.294658660888671875e-02
3.985309600830078125e-02
3.269553184509277344e-02
4.092431068420410156e-02
3.806567192077636719e-02
3.451824188232421875e-02
3.281855583190917969e-02
4.296588897705078125e-02
3.941226005554199219e-02
3.856205940246582031e-02
3.776288032531738281e-02
3.131103515625000000e-02
3.047251701354980469e-02
4.644632339477539062e-02
4.450392723083496094e-02
3.161382675170898438e-02
3.783655166625976562e-02
3.288817405700683594e-02
4.257750511169433594e-02
4.435896873474121094e-02
4.546284675598144531e-02
3.376030921936035156e-02
4.124331474304199219e-02
2.928972244262695312e-02
4.237556457519531250e-02
4.340028762817382812e-02
4.109454154968261719e-02
3.002071380615234375e-02
4.129934310913085938e-02
3.946089744567871094e-02
4.009103775024414062e-02
4.467725753784179688e-02
4.682493209838867188e-02
3.657841682434082031e-02
3.562927246093750000e-02
3.344821929931640625e-02
4.018092155456542969e-02
2.892374992370605469e-02
2.855706214904785156e-02
2.960729598999023438e-02
4.762983322143554688e-02
3.292536735534667969e-02
3.697371482849121094e-02
4.777741432189941406e-02
4.100751876831054688e-02
3.335022926330566406e-02
