2.498111724853515625e-01
3.269052505493164062e-02
3.255653381347656250e-02
3.125166893005371094e-02
1.859569549560546875e-02
3.200101852416992188e-02
3.601336479187011719e-02
4.398512840270996094e-02
3.357338905334472656e-02
4.409766197204589844e-02
3.753137588500976562e-02
3.910994529724121094e-02
2.052068710327148438e-02
3.105521202087402344e-02
3.200316429138183594e-02
2.971148490905761719e-02
2.975344657897949219e-02
3.810119628906250000e-02
3.355169296264648438e-02
3.540802001953125000e-02
3.203511238098144531e-02
2.458596229553222656e-02
3.734183311462402344e-02
2.734231948852539062e-02
2.850508689880371094e-02
2.534127235412597656e-02
3.608632087707519531e-02
3.777670860290527344e-02
2.403712272644042969e-02
3.294873237609863281e-02
3.373169898986816406e-02
3.331899642944335938e-02
3.424596786499023438e-02
2.949643135070800781e-02
2.727222442626953125e-02
2.783679962158203125e-02
2.265453338623046875e-02
3.006172180175781250e-02
3.256583213806152344e-02
3.541660308837890625e-02
4.006361961364746094e-02
4.052042961120605469e-02
2.446389198303222656e-02
3.133845329284667969e-02
3.509354591369628906e-02
3.223776817321777344e-02
3.306651115417480469e-02
2.416300773620605469e-02
3.257417678833007812e-02
3.720045089721679688e-02
2.737593650817871094e-02
2.608823776245117188e-02
2.455759048461914062e-02
2.644395828247070312e-02
3.337788581848144531e-02
2.476859092712402344e-02
3.656125068664550781e-02
4.231119155883789062e-02
3.409624099731445312e-02
3.257679939270019531e-02
2.779030799865722656e-02
2.692103385925292969e-02
3.192019462585449219e-02
3.569340705871582031e-02
2.399015426635742188e-02
1.598811149597167969e-02
3.569054603576660156e-02
4.072499275207519531e-02
2.174687385559082031e-02
2.995729446411132812e-02
3.411006927490234375e-02
3.041720390319824219e-02
3.435921669006347656e-02
2.427244186401367188e-02
2.288389205932617188e-02
2.950167655944824219e-02
3.281450271606445312e-02
2.865028381347656250e-02
2.811455726623535156e-02
2.729129791259765625e-02
3.209447860717773438e-02
3.228235244750976562e-02
2.392172813415527344e-02
3.222632408142089844e-02
3.451490402221679688e-02
3.570699691772460938e-02
2.878856658935546875e-02
3.725528717041015625e-02
3.345870971679687500e-02
3.877449035644531250e-02
2.875328063964843750e-02
3.328514099121093750e-02
2.434635162353515625e-02
3.439116477966308594e-02
2.754330635070800781e-02
3.240728378295898438e-02
2.398872375488281250e-02
2.959704399108886719e-02
3.733491897583007812e-02
4.113197326660156250e-02
2.987575531005859375e-02
3.406834602355957031e-02
3.316473960876464844e-02
2.090072631835937500e-02
2.062654495239257812e-02
1.890254020690917969e-02
1.910710334777832031e-02
1.491713523864746094e-02
2.946639060974121094e-02
4.148006439208984375e-02
3.202581405639648438e-02
3.643727302551269531e-02
4.060697555541992188e-02
2.147150039672851562e-02
1.709699630737304688e-02
3.142952919006347656e-02
2.279782295227050781e-02
2.587366104125976562e-02
4.617142677307128906e-02
2.715587615966796875e-02
3.335905075073242188e-02
4.577279090881347656e-02
2.531003952026367188e-02
3.258275985717773438e-02
3.257966041564941406e-02
3.732061386108398438e-02
3.040814399719238281e-02
1.763916015625000000e-02
3.672957420349121094e-02
2.398967742919921875e-02
3.033685684204101562e-02
2.413153648376464844e-02
3.972125053405761719e-02
3.035283088684082031e-02
2.362251281738281250e-02
2.916121482849121094e-02
3.164410591125488281e-02
4.014325141906738281e-02
3.033971786499023438e-02
2.854442596435546875e-02
3.367090225219726562e-02
2.409791946411132812e-02
3.812384605407714844e-02
3.627085685729980469e-02
3.267240524291992188e-02
4.020619392395019531e-02
3.957366943359375000e-02
3.539299964904785156e-02
3.253340721130371094e-02
2.487659454345703125e-02
3.112411499023437500e-02
3.508019447326660156e-02
2.335810661315917969e-02
2.274346351623535156e-02
3.391289710998535156e-02
3.332090377807617188e-02
2.881646156311035156e-02
2.433800697326660156e-02
2.479720115661621094e-02
4.099345207214355469e-02
3.468036651611328125e-02
3.232598304748535156e-02
2.402710914611816406e-02
1.501631736755371094e-02
2.721834182739257812e-02
3.591561317443847656e-02
2.906823158264160156e-02
4.962682723999023438e-02
4.471850395202636719e-02
2.807807922363281250e-02
3.308963775634765625e-02
3.207087516784667969e-02
2.909278869628906250e-02
3.240728378295898438e-02
3.904628753662109375e-02
2.273535728454589844e-02
3.557062149047851562e-02
1.718974113464355469e-02
3.951454162597656250e-02
2.469253540039062500e-02
1.814842224121093750e-02
2.415966987609863281e-02
